1539 301,709,1612,2009,5366
787 1612,1979,5366,5794,5887
1339 301,709,1612,5366,5787
1878 523,1612,5366,5787,5794
1082 1612,1979,5366,5746,5794
1922 1243,1612,1979,5366,5794
80 523,1612,4542,5787,5794
914 523,1612,3424,5366,5794
1192 523,1612,3424,4542,5794
1647 523,1612,5366,5794,5887
95 1243,1612,5366,5787,5794
1378 523,1243,1612,5366,5794
570 1181,1612,1979,5366,5794
2749 523,1612,4542,5794,5887
2539 1612,3891,5366,5787,5794
86 1612,2009,5366,5746,5794
2790 1111,1612,1979,5746,5794
406 1612,5366,5787,5794,5887
1256 1612,5366,5746,5787,5794
933 1612,3891,5366,5746,5794
2350 523,1243,5366,5787,5794
1107 1612,2009,3388,5366,5746
815 1612,4542,5787,5794,5887
390 1243,1979,5366,5746,5794
31 1111,1612,4542,5787,5794
2494 1111,1612,1979,5794,5887
2907 1243,1612,5366,5746,5794
2701 523,5366,5787,5794,5887
1861 523,1181,1612,5366,5794
2800 709,1612,3891,5366,5787
1853 523,4542,5787,5794,5887
1498 1612,3767,3891,5787,5794
1676 523,1243,1612,4542,5794
2125 1243,5366,5746,5787,5794
1516 1111,1612,1979,3512,5794
1648 3506,5366,5746,5787,5794
2851 1979,5366,5746,5794,5887
20 523,1243,1612,5366,5787
144 1111,1612,4542,5746,5794
723 523,1243,3424,5366,5794
1780 1612,3767,5746,5787,5794
2682 523,1243,1612,5787,5794
2799 1243,1612,4542,5787,5794
1483 1612,1979,2243,5366,5794
1080 191,5366,5746,5787,5794
2721 1181,1979,5366,5746,5794
1474 523,3424,5366,5787,5794
2054 1612,3767,3891,5746,5794
1678 1181,1612,5366,5746,5794
1650 523,1243,4542,5787,5794
928 1243,1612,1979,5366,5746
526 3179,3506,5366,5787,5794
2804 1111,1612,4542,5794,5887
2948 1612,1979,4121,5366,5794
577 1612,4542,5746,5787,5794
19 1243,1612,1979,5746,5794
1857 1612,3424,3891,5366,5794
1408 1612,3891,5366,5794,5887
76 523,1612,5366,5787,5887
939 3179,4542,5787,5794,5887
518 1612,3424,5366,5746,5794
1129 523,1612,3424,5366,5787
493 3424,3506,5366,5746,5794
2823 3424,3506,5366,5787,5794
137 3179,5366,5787,5794,5887
1402 1243,1979,5366,5794,5887
321 1243,1612,5746,5787,5794
2273 523,1612,2243,5366,5794
1606 1181,1612,1979,5366,5746
792 1243,1612,5366,5746,5787
988 1612,4121,5366,5787,5794
1503 523,1612,3081,5366,5794
1684 3179,4542,4956,5787,5794
337 1243,1612,3388,5366,5746
2088 523,1243,1612,3424,5366
1809 523,4121,5366,5787,5794
716 523,1612,5787,5794,5887
2952 1612,3424,5366,5787,5794
921 3179,3424,3506,5366,5794
2168 523,1181,2287,5366,5794
1328 301,1612,4121,5366,5787
2110 1181,1979,2243,5366,5794
59 523,2287,3424,4542,5794
224 523,1612,4121,5366,5794
296 1612,2009,4054,5366,5794
814 1181,1612,1979,5746,5794
1126 523,1612,4542,5787,5887
2811 1612,1979,3512,5746,5794
2614 301,1612,2009,4121,5366
1092 1612,2760,3388,5366,5746
2155 523,2287,3424,5366,5794
990 523,3424,4542,5787,5794
1063 301,709,1799,2009,5366
70 523,1243,3424,4542,5794
2801 1243,1612,3424,5366,5794
626 1612,5366,5746,5794,5887
576 709,1612,2009,4054,5366
523 3081,3506,5366,5787,5794
1670 3891,5366,5746,5787,5794
148 1612,3424,4542,5787,5794
798 523,1612,3424,5787,5794
1238 1181,1612,5366,5787,5794
292 523,1140,1612,5366,5794
1305 2287,3424,3506,5366,5794
1999 1612,3424,4542,5746,5794
1536 4542,4956,5746,5787,5794
2934 1612,1979,5366,5746,5887
2860 523,2287,4542,5794,5887
1294 1612,2009,4121,5366,5794
762 1111,1612,5746,5787,5794
2292 1612,1979,3200,5366,5794
2945 1612,2945,3767,5787,5794
1410 1612,2760,3891,5366,5746
307 523,1612,3424,4542,5787
1341 523,2287,5366,5794,5887
2555 1448,2287,3179,4507,5366
675 1792,3506,5366,5746,5794
1844 1181,1243,1979,5366,5794
1428 1612,1979,2760,5366,5746
2529 2287,3179,3506,5366,5794
2 1181,1612,3388,5366,5746
2767 523,1612,4121,5366,5787
2002 523,1243,1612,4542,5787
1231 1612,4121,4542,5787,5794
2268 1612,1979,5746,5794,5887
486 1979,3200,5366,5794,5887
1641 523,1612,4121,4542,5794
147 1111,1296,1612,4542,5794
2033 1612,1792,5366,5746,5794
842 1612,3891,5366,5746,5787
1972 523,4121,4542,5787,5794
1967 1612,3891,5746,5787,5794
2905 1111,1612,1979,2945,5794
1191 1243,1612,4542,5746,5794
2337 1612,3388,3424,5366,5746
389 523,1181,5366,5787,5794
1561 1111,4542,5746,5787,5794
228 523,1243,1612,3424,5794
548 1243,1612,3424,4542,5794
1179 523,3081,5366,5787,5794
994 523,1243,3424,5366,5787
1151 301,709,1612,2009,2536
24 1243,4121,5366,5787,5794
249 2287,3506,5366,5746,5794
1604 1243,4542,5746,5787,5794
1886 1296,1612,4542,5787,5794
2397 1612,1979,2945,5746,5794
246 3424,4542,4956,5787,5794
1836 523,1243,5366,5794,5887
1340 523,1243,1612,3424,4542
1946 1979,2243,5366,5746,5794
75 3424,4542,4956,5746,5794
1933 1979,4121,5366,5794,5887
600 1111,4542,5787,5794,5887
1078 523,1181,2243,5366,5794
1366 3891,5366,5787,5794,5887
1703 1612,3352,3767,5787,5794
1148 2287,3424,4542,4956,5794
1698 1612,1792,3891,5366,5794
899 523,1243,4121,5366,5787
190 1243,3424,5366,5787,5794
910 1181,1612,2243,5366,5794
1383 1612,2945,3767,5746,5794
2981 709,1612,2009,2243,5366
2542 1612,3081,5366,5794,5887
1480 1612,2009,2243,5366,5794
2104 301,709,1612,2536,5787
1404 523,3081,5366,5794,5887
69 3179,3424,4542,4956,5794
2888 1243,1612,3388,3424,5366
2325 523,1612,4087,5366,5794
2656 1612,4542,5500,5746,5794
1607 1181,1612,1979,2243,5366
112 1612,2760,3388,3424,5366
145 523,1612,4121,5787,5794
818 1181,1612,1979,2760,5366
2505 1181,1243,1612,5366,5794
232 1612,2009,3388,4054,5366
2524 1181,1732,2287,5366,5794
2676 3081,5366,5787,5794,5887
2193 2009,2287,5366,5746,5794
248 3424,3891,5366,5787,5794
986 1181,1243,1612,1979,5366
811 523,1181,1243,5366,5794
2424 1111,1979,3512,5746,5794
2012 1612,2243,5366,5746,5794
1014 3179,3421,5366,5794,5887
2604 2243,3424,3506,5366,5794
41 523,1243,4121,5366,5794
786 1612,4542,5746,5794,5887
171 1612,3424,3891,3915,5794
1200 301,709,1264,2009,5366
279 1612,2243,3891,5366,5794
2089 523,1243,3424,5787,5794
557 523,1243,4542,5794,5887
1317 1243,1979,4121,5366,5794
2000 1243,1612,5366,5794,5887
1758 1111,1612,1979,3512,5746
1596 1612,2009,2243,3388,5366
2069 1612,3081,5366,5787,5794
684 1612,1979,2243,5366,5746
2277 523,1612,3512,5787,5794
2156 523,1612,4121,4542,5787
2016 1612,2945,3891,5787,5794
765 2945,3767,5746,5787,5794
43 1612,1979,4121,5794,5887
854 1612,1979,4121,5366,5887
65 1111,1979,5746,5794,5887
2854 523,3424,4121,5366,5794
1562 1612,2009,4087,5366,5794
2962 2287,3891,5366,5746,5794
2856 1111,1612,4542,5746,5787
2685 1792,3506,5366,5787,5794
2034 1296,1612,4542,5746,5794
392 307,1612,5746,5787,5794
981 1111,1612,4542,5787,5887
535 523,1243,2287,5366,5794
1605 3767,3891,5746,5787,5794
2249 1243,1612,1979,5366,5887
2423 1612,2945,3767,3891,5794
301 3179,3421,3506,5366,5794
317 2287,3179,4542,4956,5794
402 1243,5366,5787,5794,5887
2782 1243,1612,4542,5746,5787
122 709,1140,1612,2009,5366
2663 1612,2945,5746,5787,5794
616 1243,3424,4542,5787,5794
1798 3200,3506,5366,5787,5794
212 1448,3179,3421,5366,5887
1051 523,2243,3424,5366,5794
2741 1243,1612,4121,5366,5787
108 2009,4054,5366,5746,5794
2775 1140,1612,2009,5366,5794
1502 2760,3891,3909,5366,5746
0 1612,4121,5366,5794,5887
888 523,1612,3424,4121,5366
564 1181,1243,5366,5787,5794
152 1181,1612,1979,2243,5794
2418 2287,4542,4956,5746,5794
1855 1111,1612,2760,3388,5746
1096 1111,1612,3512,5746,5794
2836 2243,3506,5366,5746,5794
2343 1612,3767,3891,5746,5787
1814 523,1181,1612,5366,5787
282 523,1243,1612,4121,5366
1510 4121,4542,5787,5794,5887
1406 1612,4121,4542,5794,5887
870 523,1243,2287,4542,5794
255 1243,1612,3424,5366,5787
1020 1243,1612,4121,5366,5794
1729 1243,4121,4542,5787,5794
1214 1111,1612,2945,5787,5794
2725 1243,1612,1979,5794,5887
1787 1296,1612,2009,5746,5794
1010 1612,2760,3424,3891,5366
1721 1296,1612,4542,5794,5887
135 1612,3891,5787,5794,5887
1819 523,1243,4121,5787,5794
2029 1612,3424,3891,5366,5787
1201 523,3424,4121,4542,5794
1471 1243,3424,5366,5746,5794
2645 1111,1612,3512,5787,5794
2737 523,1612,3081,5366,5787
2950 1612,3891,5366,5787,5887
2798 1612,2243,3388,5366,5746
2461 1243,1612,1979,4121,5366
2264 1111,1612,5787,5794,5887
2940 1243,4542,5787,5794,5887
788 4121,5366,5787,5794,5887
840 301,709,1264,1612,5366
1899 1181,5366,5746,5787,5794
971 523,1181,1612,2243,5366
2179 523,1634,2287,4542,5887
1195 1243,1979,2243,5366,5794
2911 2945,3767,3891,5787,5794
1506 1612,1792,5366,5787,5794
553 3424,3891,5366,5746,5794
1797 1181,2287,5366,5746,5794
488 523,1243,3424,4542,5787
1936 17,1111,1612,5746,5794
2803 1111,1612,5746,5794,5887
215 523,1612,3424,4121,4542
1655 301,1612,1792,5366,5787
2730 523,1181,1612,5787,5794
429 1612,3424,3891,5787,5794
2263 1181,1243,1612,1979,5794
335 1612,2009,3200,5366,5794
1585 1127,4542,4956,5787,5794
470 1111,1296,1612,5746,5794
555 1612,2243,3767,5746,5794
2303 1181,1732,2243,5366,5794
2107 4121,5366,5746,5787,5794
1524 709,1612,2243,3891,5366
743 523,4121,4542,5794,5887
1508 523,1243,1612,3424,5787
2862 1612,3512,5746,5787,5794
1530 1612,1979,2243,5746,5794
1064 1111,1612,1979,2760,5746
160 1111,1612,1792,5746,5794
1209 523,4121,5366,5794,5887
1751 523,1612,2207,5366,5794
2075 1111,1296,4542,5787,5794
508 301,1612,2009,3629,5366
2591 1111,1612,2945,5746,5794
2563 523,1243,2243,5366,5794
459 523,1181,1243,1612,5366
2458 1181,1243,1612,3388,5366
874 1181,1612,2243,3388,5366
2717 1296,1612,2009,3388,5746
539 1612,3512,3891,5787,5794
674 301,1264,1612,2009,5366
2733 1140,3506,5366,5787,5794
1608 1612,4121,5366,5746,5794
1941 307,1612,3424,5746,5794
2455 1612,2945,3891,5746,5794
812 709,2009,2287,3179,5366
1084 3891,5366,5746,5794,5887
1034 2287,3179,3424,4507,5366
1629 307,4956,5746,5787,5794
2518 1140,1612,5366,5746,5794
2327 1243,1612,3424,5787,5794
2045 1181,1243,5366,5746,5794
2909 1612,3424,3891,5746,5794
676 523,1181,1612,2243,5794
1100 1792,5366,5746,5787,5794
1910 523,1243,4121,4542,5794
1708 3424,5366,5746,5787,5794
345 1140,1612,5366,5794,5887
2271 523,3424,4121,5366,5787
724 1111,4542,5746,5794,5887
299 2009,4121,5366,5746,5794
2740 1612,3424,4121,4542,5794
913 1612,3424,3891,5366,5746
512 2009,2287,3179,5366,5794
1081 523,1243,4121,4542,5787
2837 523,1243,1612,5366,5887
210 1181,2243,5366,5746,5794
2975 1612,2243,3424,5366,5794
1137 1732,2287,3179,5366,5794
1829 523,1612,2243,3424,5366
1657 2287,3179,3424,4542,5794
2988 1181,1612,2760,3388,5366
1664 523,1612,3081,5787,5794
2031 1612,3081,3767,5787,5794
2689 2287,3891,5366,5794,5887
1915 2287,3179,4542,5794,5887
193 2287,3179,3424,3506,5366
1868 523,3424,4087,5366,5794
764 1612,4121,4542,5500,5794
2435 1111,1296,4542,5746,5794
1544 523,1612,3166,5366,5794
1027 1111,1612,1979,5746,5887
1874 1243,1612,3424,5366,5746
1255 1243,1612,4121,5787,5794
2208 1111,1612,2928,5746,5794
1882 1612,2243,5366,5787,5794
2669 1181,1612,5366,5746,5787
1423 523,1612,3424,4087,5366
264 523,2250,5366,5794,5887
2059 523,1612,3081,5794,5887
1206 1612,4054,5366,5787,5794
2586 523,1612,3081,5366,5887
1949 1448,2287,3179,5366,5887
1365 2009,2243,3388,5366,5746
2729 1111,1612,1979,5794,5800
2324 1612,4121,5366,5787,5887
2867 1792,3891,5366,5746,5794
127 2009,2243,5366,5746,5794
2599 3506,4160,5366,5787,5794
2150 1612,3424,4121,5366,5794
829 1140,1612,5366,5787,5794
1628 307,1612,3424,5787,5794
1668 709,1264,1612,2009,5366
2984 1127,1612,5366,5787,5794
2517 1243,1612,4542,5794,5887
1681 1979,3200,5366,5746,5794
2784 1612,3424,5366,5746,5787
655 1111,1979,2945,5746,5794
229 2945,3767,3891,5746,5794
2366 523,2250,3424,5366,5794
1574 2287,3424,3891,5366,5794
2412 1612,4054,5366,5746,5794
1964 1140,2287,3506,5366,5794
1611 523,1243,3424,4121,5366
2827 2287,3179,5366,5794,5887
979 523,2250,4542,5794,5887
2594 523,1612,2207,4542,5794
305 523,2250,3424,4542,5794
1002 1098,1612,1979,5366,5794
2194 301,709,1264,1612,2009
2312 1243,1612,3424,4542,5787
2693 523,1612,2243,3424,5794
2362 523,2250,4542,5787,5794
944 1612,2009,2243,5366,5746
428 523,2250,5366,5787,5794
2652 523,1264,1612,5366,5794
767 1127,1612,3767,5787,5794
1906 1979,4121,5366,5746,5794
2508 3424,3506,5366,5746,5787
93 3081,3421,3506,5366,5794
830 1243,3388,3424,5366,5746
1858 3421,3506,5366,5746,5794
2600 1612,4121,4542,5787,5887
500 1612,1979,4971,5366,5794
2466 1111,1612,2945,3388,5746
1938 1612,3424,5746,5787,5794
2763 1181,1612,5746,5787,5794
2174 1612,3200,5366,5787,5794
77 709,1612,4054,5366,5787
1086 1243,1612,3424,5746,5794
797 523,1243,1612,5794,5887
476 3506,3512,5746,5787,5794
566 1140,3506,5366,5746,5794
1296 3512,4956,5746,5787,5794
625 523,2250,2287,5366,5794
642 1243,1612,1979,4121,5794
682 3081,3506,5366,5746,5794
2516 523,2287,4121,4542,5794
2354 1612,3352,3767,5746,5794
2092 2009,3388,4054,5366,5746
861 1243,1612,2243,5366,5794
1821 1181,2243,3388,5366,5746
2358 1612,2243,3767,3891,5794
515 2207,3424,3506,5366,5794
2916 523,1243,5366,5787,5887
2445 523,1243,1612,4121,5787
1362 523,2250,2287,4542,5794
1379 1243,1612,1979,2243,5366
2401 1612,3512,3891,5746,5794
810 2287,3179,3424,5366,5794
800 1612,2009,4054,5366,5746
2579 1612,4121,5366,5746,5787
2833 3081,3421,5366,5794,5887
1535 3424,4121,5366,5787,5794
2972 1243,1612,4121,4542,5794
2120 523,1243,1612,2243,5366
923 2287,3179,3424,3506,5794
142 3424,3506,5746,5787,5794
1435 523,3081,5787,5794,5887
1873 1243,3424,4542,5746,5794
1704 2009,3179,3421,5366,5794
661 1612,2945,3767,5746,5787
803 5366,5746,5787,5794,5887
1551 3200,3506,5366,5746,5794
1603 1181,1243,1612,5366,5746
47 523,3081,5366,5787,5887
895 301,709,1612,5095,5366
2071 1181,1243,1732,5366,5794
1314 1243,1612,4121,4542,5787
99 2009,2287,4956,5746,5794
1529 1181,1243,1612,5366,5787
1044 2009,4054,4087,5366,5794
349 1612,4121,5787,5794,5887
1796 1181,1243,1979,5366,5746
2772 1612,2945,3767,3891,5787
1486 1612,3081,5787,5794,5887
2901 1140,1448,2287,4507,5366
1509 1612,3424,4087,5366,5794
1009 1111,1612,2928,5787,5794
1311 1111,1612,3388,3512,5746
1194 3200,3424,3506,5366,5794
2334 1612,3081,5366,5787,5887
1654 1111,1612,4542,5746,5887
1259 1181,1612,1979,5794,5800
1811 523,2287,4121,5366,5794
458 3352,3767,5746,5787,5794
561 2009,2287,4054,5366,5794
1909 307,1612,3352,5787,5794
2066 709,1612,3891,4054,5366
1133 3179,3424,3506,5366,5787
1156 1612,4121,4542,5746,5794
462 3200,5366,5787,5794,5887
954 1612,3200,5366,5794,5887
2490 523,1612,3424,4121,5794
2846 1612,2009,4054,5746,5794
393 3424,4542,5746,5787,5794
524 2243,3891,5366,5746,5794
187 1243,1612,5366,5787,5887
545 3424,4121,4542,5787,5794
718 523,1243,1612,4121,5794
278 1127,1612,4542,5787,5794
1956 1243,1732,2287,5366,5794
2191 523,4121,5366,5787,5887
2496 523,1140,5366,5794,5887
2664 709,1140,1612,5366,5787
1649 3179,4707,5366,5794,5887
1632 523,1612,4121,4542,5887
1190 1612,3891,5746,5794,5887
1877 1140,3424,3506,5366,5794
270 1612,2928,5746,5787,5794
2651 523,1243,1612,4121,4542
2859 1111,1296,1612,4542,5787
2520 1111,1127,1612,4542,5794
383 523,1612,4121,5366,5887
2783 523,1243,5787,5794,5887
1690 1612,1979,4121,5366,5746
2126 523,4121,4542,5787,5887
90 307,3424,4956,5746,5794
2879 1612,3352,5746,5787,5794
2113 1612,3424,4054,5366,5794
2572 1243,1612,4054,5366,5794
793 1181,1979,2243,5366,5746
2022 1111,1612,1979,2945,5746
1307 523,3424,4121,4542,5787
1672 2945,3891,5746,5787,5794
1430 1243,4054,5366,5787,5794
1924 1243,3424,4121,5366,5787
247 1612,1979,4121,5746,5794
384 1612,1792,3891,5366,5746
904 1127,1612,5366,5746,5794
930 1612,3081,5366,5746,5794
26 1612,4121,5746,5787,5794
2122 1181,1243,3388,5366,5746
1103 1243,1627,4121,5787,5794
2439 301,1799,2009,4121,5366
2630 523,2243,5366,5787,5794
85 523,1140,2287,5366,5794
880 2009,3421,5366,5746,5794
2764 2945,3352,3767,5787,5794
1991 1612,3891,5366,5746,5887
2943 4121,4542,5746,5787,5794
1834 1612,2009,4054,4087,5366
862 1612,3891,4054,5366,5794
92 1111,1296,1612,5787,5794
157 1296,4542,5787,5794,5887
2890 1140,1612,2009,3388,5366
316 523,1612,4121,5794,5887
1971 1181,1243,2287,5366,5794
1226 1111,1296,1612,4542,5746
439 523,2207,3424,4542,5794
1267 523,1243,3424,4121,4542
628 523,1181,1243,1612,5794
857 1243,1612,3388,3424,5746
1019 1612,2945,3352,3767,5794
621 1296,1612,5746,5787,5794
68 1612,2207,3424,5366,5794
420 3179,3424,4542,5787,5794
2672 1612,3200,3891,5366,5794
1888 523,1612,2207,3424,5366
379 1612,5366,5746,5787,5887
1785 1111,2945,5746,5787,5794
2026 1612,2207,3424,4542,5794
375 1111,1296,1612,3388,5746
715 1792,2243,3506,5366,5794
184 1612,2009,3388,3629,5366
1399 1612,4971,5366,5787,5794
2242 1612,1979,3200,5366,5887
2387 1181,1612,2243,5366,5746
2296 1181,1979,2760,5366,5746
1528 1612,1792,5366,5794,5887
1790 523,1243,4542,5787,5887
2739 709,1612,2243,5366,5787
1700 523,1140,5366,5787,5794
2333 1612,1792,3891,5746,5794
1045 1181,1612,2760,5366,5746
388 523,1181,4121,5366,5794
234 1612,2009,3166,5366,5794
413 1612,2945,3767,3891,5746
2421 523,3424,4121,5787,5794
832 523,4121,5787,5794,5887
1131 1612,3424,4542,5746,5787
1462 1243,1612,5787,5794,5887
2719 1612,3352,3767,5746,5787
499 4542,5746,5787,5794,5887
446 523,1243,2287,3424,5366
161 1243,2287,3424,4542,5794
1309 3179,3424,3891,5366,5794
1845 1181,1243,1612,5787,5794
1481 523,1243,1612,4542,5887
2287 1612,2009,4121,5366,5746
1903 1792,3506,5746,5787,5794
1533 2009,2287,4121,5366,5794
631 1792,3891,5366,5787,5794
1391 523,1181,1243,5366,5787
1801 1181,1979,4121,5366,5794
964 523,1243,2287,3424,4542
1901 1111,1296,4542,5794,5887
1993 1612,2945,3424,5746,5794
1961 2287,3179,4707,5366,5794
2673 1612,2243,3388,3424,5366
475 301,709,2009,2589,5366
905 709,1612,2009,5095,5366
1456 3179,3200,3506,5366,5794
1501 2207,3424,4542,4956,5794
2025 1612,2009,2243,3388,5746
1440 1181,1243,1979,5746,5794
2456 1243,2287,3424,4507,5366
843 1612,2945,3352,5787,5794
1699 523,1634,4121,4542,5887
1032 1612,2243,3767,5787,5794
763 2760,3388,3424,5366,5746
2659 1243,3424,5746,5787,5794
2407 1181,1243,1612,5746,5794
96 1243,3424,5366,5746,5787
2393 1612,1979,3200,5794,5887
1136 1792,3506,5366,5746,5787
1484 2207,3179,3506,5366,5794
2246 1612,3166,5366,5746,5794
441 1799,2760,3388,3424,5366
2484 3179,3424,5366,5787,5794
54 1140,1612,3388,5366,5746
1459 301,1612,2009,5095,5366
869 1181,1979,2243,5746,5794
1279 1979,4160,5366,5746,5794
2253 1243,2287,5366,5746,5794
2248 1448,2287,3179,4707,5366
2980 2243,3506,5366,5787,5794
2307 523,1243,1634,2287,4542
1089 523,1098,1612,5366,5794
801 1612,1792,2243,5366,5794
131 1448,3179,4707,5366,5887
2686 1243,3424,4121,5366,5794
1325 2287,4707,5366,5794,5887
1860 1792,3506,3512,5746,5794
2199 1612,1792,2760,3891,5366
2331 1612,2945,3424,3891,5794
2841 523,1634,2287,4121,4542
1211 523,2207,3424,5366,5794
1810 1140,1612,3424,5366,5794
1557 523,1140,1612,5366,5787
16 1111,1612,1792,3512,5794
2724 3166,3506,5366,5746,5794
536 1612,2945,3388,3424,5746
433 1181,1612,4971,5366,5794
1358 1181,1979,2243,4168,5746
376 523,1243,3424,4121,5787
685 2287,4542,5500,5746,5794
1692 1243,1979,5366,5746,5887
1299 1612,3200,3767,5787,5794
352 523,1612,2207,3424,4542
409 562,1111,1612,1979,5794
119 1243,1979,4121,5366,5887
2457 1612,1979,5746,5794,5800
2769 3424,3506,4160,5366,5794
2728 1098,3424,3506,5366,5794
1543 523,1140,3424,5366,5794
1976 1243,1612,3424,4542,5746
1354 1181,1979,4971,5366,5794
1037 1448,3081,3421,5366,5887
2657 1181,1612,2243,5746,5794
250 1181,2760,3388,5366,5746
2961 2009,4054,4956,5746,5794
1198 191,3352,5746,5787,5794
629 1448,2287,3166,4507,5366
2469 1111,1296,1612,5794,5887
962 1181,1612,2928,5746,5794
638 1243,3424,4121,4542,5794
266 1181,1612,4121,5366,5794
673 1792,2243,5366,5746,5794
2355 1612,1792,5366,5746,5787
303 1296,4542,5746,5787,5794
2982 523,1612,3424,4087,5794
359 17,1612,3891,5746,5794
2987 2760,3506,3909,5366,5746
2528 1243,2287,3424,5366,5794
1149 1612,2009,2243,5746,5794
1134 1243,5366,5746,5794,5887
140 523,1612,2243,5366,5787
1451 2287,3424,3891,3915,5794
2753 1448,2287,4707,5366,5887
2593 523,1243,1634,4121,4542
754 2243,3424,3891,5366,5794
2921 1612,2760,3388,3424,5746
2703 1612,2009,3388,4054,5746
2023 2243,3767,3891,5746,5794
1563 1612,3767,4054,5787,5794
445 1243,1732,4121,5366,5794
1491 1612,4054,4087,5366,5794
864 1243,4121,5366,5746,5787
2515 1612,3166,3891,5366,5794
194 2287,3179,3424,3915,5794
733 1612,2945,3424,5787,5794
1077 1243,3424,4121,4542,5787
2816 1732,2287,4121,5366,5794
2548 1612,3424,4121,5366,5787
2314 1612,1792,3891,5366,5787
949 1111,4542,4971,5787,5794
2081 1612,1792,5746,5787,5794
833 4160,5366,5746,5787,5794
410 1612,3388,4054,5366,5746
1162 2287,3179,3424,4542,4956
2637 523,1243,4087,5366,5794
2649 1111,3512,5746,5787,5794
1717 1612,2243,3891,5366,5746
741 523,1140,1612,5787,5794
398 3179,3891,5366,5794,5887
2954 301,709,2009,5095,5366
1573 3424,4956,5746,5787,5794
114 1612,2760,3424,5366,5746
8 1612,1792,3512,5746,5794
1638 1111,1296,1612,4542,5887
1110 1243,1612,3424,5746,5787
1594 523,1243,3424,4121,5794
2746 1181,1612,5500,5746,5794
63 1243,1612,3388,4054,5366
2170 1181,1612,2243,3388,5746
1823 1140,3179,3506,5366,5794
2183 1612,2009,4121,5746,5794
688 1612,2945,3891,5746,5787
898 1243,1612,2243,3388,5366
2557 2760,3424,3891,3909,5366
1733 2009,3179,4121,5366,5794
2699 709,2009,2287,4054,5366
2372 523,1243,1612,2243,5794
1464 2760,3424,3506,5366,5746
2967 1296,1612,4542,5787,5887
2924 1111,1140,1612,5746,5794
2553 1181,1243,5366,5746,5787
2392 1612,2928,3891,5746,5794
2474 1181,1243,1979,2243,5366
699 1181,4971,5366,5787,5794
2714 1612,1979,2243,2945,5794
2266 523,1612,2243,5787,5794
538 1243,1612,1979,2243,5794
778 1792,4956,5746,5787,5794
796 1243,3424,4121,5787,5794
2756 709,1098,1612,2009,5366
1477 301,1612,2009,2589,5366
89 1181,4121,5366,5787,5794
1059 1264,1612,2009,5366,5794
2438 1111,1612,2945,5746,5787
1581 1612,2243,3891,5746,5794
372 2945,3352,3767,5746,5794
1448 523,2287,3424,4121,5366
1497 1612,2243,3891,3915,5794
399 1127,4542,4956,5746,5794
2306 1181,1612,1979,2243,5746
2056 2009,2287,3179,4956,5794
1538 1111,1612,1792,5787,5794
712 1296,1612,2009,4054,5794
382 1612,3424,4121,4542,5787
1356 180,3179,3424,3506,5366
14 1612,4542,5746,5787,5887
2709 1181,1243,2243,5366,5794
2754 2287,5366,5746,5794,5887
775 1243,4121,5366,5746,5794
1613 1612,5746,5787,5794,5887
502 523,1243,2287,3424,5794
52 301,709,1612,2589,5366
2286 1612,3200,5366,5746,5794
1493 1612,1792,3891,5787,5794
2991 1243,1979,5746,5794,5887
129 1181,2243,5366,5787,5794
2390 523,1243,1634,4542,5887
1029 3179,3424,3506,5787,5794
973 1612,2945,3352,3767,5787
378 523,1181,1243,5787,5794
1047 1098,1612,2009,5366,5794
1438 523,2287,2375,5794,5887
2338 307,3424,4956,5787,5794
2522 1296,1612,5787,5794,5887
2532 1111,1612,3512,5746,5787
2169 1612,4121,4542,5746,5787
2265 1612,2928,3891,3915,5794
871 1243,4054,5366,5746,5794
1744 1243,4121,5366,5787,5887
452 2287,3424,4542,5746,5794
813 2287,3424,5366,5746,5794
254 1612,5095,5366,5787,5794
328 1634,2287,3179,4542,5887
2722 1612,2009,5746,5794,5800
2534 1243,1612,4542,5787,5887
1494 1181,1612,1979,2945,5794
2417 4054,5366,5746,5787,5794
1434 523,1243,1612,4087,5366
826 1612,2243,2945,3767,5794
916 523,1181,1243,2287,5366
269 523,1140,1612,3424,5366
149 1243,4121,5746,5787,5794
1068 1181,1732,4121,5366,5794
1824 2009,4054,4121,5366,5794
2318 4971,5366,5746,5787,5794
104 191,2928,5746,5787,5794
966 1140,2243,3506,5366,5794
1621 2287,3179,5366,5785,5794
606 523,2287,3424,4121,4542
1894 523,1098,1612,4542,5794
141 523,1181,1612,4121,5366
644 3179,3424,4542,4956,5787
1466 523,1612,4121,5787,5887
2144 1612,1801,1979,5366,5794
867 1612,1792,4054,5366,5794
1761 523,1612,3424,4121,5787
941 1111,1612,1979,3200,5794
1144 2287,4121,4542,5794,5887
2370 523,1181,2250,5366,5794
1093 1243,1732,2243,5366,5794
1228 2287,3424,3506,5366,5746
1355 1098,1979,5366,5746,5794
565 1792,3512,4956,5746,5794
2038 523,1612,2207,3424,5794
2082 1612,2243,3424,3915,5794
2230 1098,1612,2009,3388,5366
2252 1612,2009,4054,4087,5794
1553 3179,4121,5366,5794,5887
2870 1181,1243,5746,5787,5794
2139 523,1098,3424,5366,5794
185 1181,1243,1612,1979,5746
1756 1296,1612,4542,5746,5787
991 562,1111,1612,5746,5794
1634 1612,4542,4971,5787,5794
1527 523,1181,1243,2243,5366
2886 1612,1979,4039,5366,5794
146 3179,4121,5366,5787,5794
1687 1181,1612,1979,2760,5746
1478 1612,4542,4971,5500,5794
2636 3891,4054,5366,5787,5794
2565 2243,3424,3506,5366,5746
2361 301,709,2589,5366,5787
2376 1243,2243,5366,5746,5794
2625 2009,3179,4054,5366,5794
1912 1612,2009,3166,5366,5746
908 1111,1612,2928,2945,5794
2979 2207,3179,4542,4956,5794
2055 2945,3424,3891,5787,5794
1121 1111,1979,5746,5794,5800
2260 1111,1612,5746,5794,5800
1854 1612,3388,3629,5366,5746
772 1243,1979,4121,5794,5887
1895 1181,1243,1612,3388,5746
541 523,2207,2287,4542,5794
1739 1243,1612,3424,4121,5366
721 1243,4121,5366,5794,5887
450 1181,1612,1979,4971,5366
2806 1181,1612,1979,4121,5366
2121 1243,2243,5366,5787,5794
2899 2009,3179,3421,4956,5794
2670 1140,1612,3388,3424,5366
727 3200,3891,5366,5794,5887
582 523,1612,3081,5787,5887
2039 3424,3891,4054,5366,5794
2694 1612,2009,3200,3388,5366
1284 2243,3424,5366,5746,5794
2486 3200,3891,5366,5746,5794
817 1612,2760,3388,4054,5366
2032 3891,4160,5366,5787,5794
5 1140,1448,3179,4507,5366
695 4054,4160,5366,5787,5794
1597 1612,2760,3388,3629,5366
2626 3179,3424,4121,4542,5794
2135 523,1243,1612,5787,5887
1290 523,1140,1612,3424,5794
223 523,2243,2250,5366,5794
10 1111,1296,1612,2760,3388
327 2009,3421,4956,5746,5794
1746 1612,3200,3424,5366,5794
1549 1098,1612,3424,5366,5794
2347 523,1634,2250,2287,4542
1025 3179,4121,4542,5794,5887
692 1243,1612,4121,5366,5746
2700 301,709,1264,5366,5787
177 1612,2243,3424,3891,5366
2131 1792,3891,5366,5794,5887
853 1111,1612,4054,5746,5794
123 2009,2243,3410,5366,5746
2506 3421,5366,5746,5794,5887
2360 2243,2945,3767,5746,5794
491 1181,1979,5746,5794,5800
2501 2287,3424,4121,4542,5794
1555 1612,4971,5366,5746,5794
791 1448,3179,4121,5366,5887
2564 1243,1612,4087,5366,5794
2380 301,709,1612,2009,5095
2590 1243,1979,2243,5366,5746
189 2009,3200,5366,5746,5794
1043 3179,4121,4542,5787,5794
866 2945,3352,5746,5787,5794
1768 1181,1612,2760,3388,5746
1781 180,2287,3424,3506,5366
430 709,1612,2009,4039,5366
1651 3179,3424,3891,3915,5794
2416 2287,3424,3506,5746,5794
1232 2250,4542,5787,5794,5887
1567 1612,2009,3352,5746,5794
1115 1612,2243,3767,3891,5746
602 2760,3424,3506,3909,5366
66 2287,3166,3506,5366,5794
2830 2287,3179,3424,4956,5794
1218 709,1140,1612,2243,5366
2965 1612,2243,3424,5366,5746
940 523,1264,2287,5366,5794
1569 3512,3891,5746,5787,5794
1669 1792,2243,3506,5366,5746
2711 2009,2243,4956,5746,5794
2707 1140,1243,1612,5366,5794
2957 301,1612,2589,5366,5787
1939 180,2287,3424,4507,5366
2383 523,1243,1612,3424,4121
1069 2243,5366,5746,5787,5794
1984 1612,2009,2589,3388,5366
2691 709,1612,5095,5366,5787
2765 523,2287,3166,5366,5794
368 3179,3424,4121,5366,5794
671 3424,4160,5366,5787,5794
1822 1612,3200,3767,3891,5794
1914 1612,3512,3891,5746,5787
2606 180,3179,3424,4507,5366
1139 1111,2928,5746,5787,5794
2949 1243,1612,2243,5366,5746
363 1181,1612,5746,5794,5800
2436 709,1264,2009,2287,5366
2206 1140,2009,2287,5366,5794
2734 523,1140,1243,5366,5794
451 709,1612,2009,2589,5366
1008 1612,3891,4971,5366,5794
777 1612,2009,3388,5746,5800
1332 3424,4542,4956,5746,5787
2973 1612,3424,4121,5787,5794
2780 523,1140,1612,5794,5887
2850 523,1098,3424,4542,5794
1626 1181,1612,1979,4971,5794
563 523,2207,2287,5366,5794
2855 301,709,2009,4039,5366
1686 301,1612,5095,5366,5787
1679 17,1612,5746,5787,5794
2761 1098,1181,1979,5366,5794
1778 1979,4971,5366,5746,5794
578 523,2243,4121,5366,5794
2584 1181,1612,1979,4121,5794
632 1243,2243,3388,5366,5746
1370 2760,3424,3891,5366,5746
2661 191,3166,5366,5746,5794
1732 1243,3424,4542,5746,5787
1315 1792,5366,5746,5794,5887
1108 2243,3388,3424,5366,5746
1740 1243,2287,5366,5794,5887
2167 1098,1612,3424,4542,5794
1666 2945,3767,3891,5746,5787
2099 1243,4121,4542,5787,5887
924 1612,2009,3388,5095,5366
1321 1243,3388,4054,5366,5746
2394 301,1799,2009,3629,5366
494 1612,2009,4039,5366,5794
2881 1111,1296,1612,1792,5794
2275 1979,2243,3200,5366,5794
1221 1979,3226,5746,5794,5887
489 1612,2945,3352,3767,5746
881 2009,3166,5366,5746,5794
1582 523,1181,4121,5366,5787
693 1612,2928,2945,5746,5794
975 1612,2928,2945,5787,5794
1880 2009,2287,4054,4956,5794
706 1801,1979,2243,5366,5794
34 301,709,1612,4039,5366
645 2250,5366,5787,5794,5887
504 1140,1612,2243,5366,5794
44 1612,2945,3767,4054,5794
128 301,709,1612,2009,2589
953 1111,1612,1979,5746,5800
1545 2207,2287,3506,5366,5794
2679 1243,4121,5787,5794,5887
1333 1127,1612,3767,5746,5794
603 1243,1612,3388,3629,5366
720 1140,1612,2760,3388,5366
265 1243,1612,5366,5746,5887
1940 2287,4121,5366,5794,5887
1734 1111,1612,1979,4971,5794
2745 1612,2243,3424,3891,5794
1075 1612,3352,3512,5787,5794
1397 17,1111,1612,5787,5794
519 1243,1612,4121,5746,5787
893 1243,3424,4054,5366,5794
2239 1612,3388,3424,4054,5366
572 523,1243,4121,5366,5887
959 1098,2009,5366,5746,5794
2726 3891,4054,5366,5746,5794
2815 1243,4542,5746,5794,5887
1364 1243,4121,4542,5794,5887
1400 523,1181,1243,2287,5794
1610 2287,4121,4542,5500,5794
1803 2287,4542,5746,5794,5887
1468 3506,4160,5366,5746,5794
507 523,1181,1612,4121,5794
2257 562,1612,1979,5746,5794
2968 1127,1612,4542,5746,5794
972 3424,3891,5746,5787,5794
167 2243,3424,3506,5746,5794
859 1243,1612,3424,4121,4542
2519 1612,3767,3891,5794,5800
2235 1634,2287,4542,5746,5887
2892 2243,3891,5366,5787,5794
1598 1612,2928,3891,5787,5794
554 1243,1612,4054,5787,5794
1970 1181,2250,2287,5366,5794
1450 3424,4054,5366,5746,5794
241 709,3891,4054,5366,5787
1085 1181,2287,4121,5366,5794
2309 3891,4971,5366,5787,5794
1614 1243,1979,4121,5366,5746
2580 1111,1140,1612,3388,5746
1775 1612,1792,2760,5366,5746
2688 1111,1612,3388,5746,5800
2620 1111,1792,3512,5746,5794
863 523,1140,1243,1612,5366
1716 523,1140,1612,5366,5887
2869 1979,2243,4121,5366,5794
1127 307,1612,3352,5746,5794
505 1612,3767,4054,5746,5794
2236 2207,3179,3424,3506,5366
2114 1612,1792,2243,5366,5746
2616 1181,1243,1612,2243,5366
1095 3891,4160,5366,5746,5794
805 1181,1243,2243,3388,5366
467 1612,3767,5746,5794,5800
309 1111,1612,1792,5794,5887
407 1243,2287,4542,5794,5887
1591 523,1243,2287,5366,5887
2488 301,709,780,1799,5366
324 1612,2009,5095,5366,5794
1707 1612,1979,3200,5746,5794
2678 1612,2009,3388,4039,5366
1264 1612,1792,3512,3891,5794
1579 301,1612,2009,4039,5366
1421 1612,2760,3424,3891,5746
613 1111,1792,5746,5787,5794
421 2945,3424,5746,5787,5794
2411 1243,2287,4542,5746,5794
1054 1612,2243,4121,5366,5794
514 3424,3891,5366,5746,5787
2986 1792,2243,3506,5746,5794
1026 3179,3891,5366,5787,5794
2404 709,1140,2009,2287,5366
2791 1181,1612,2243,5500,5794
1931 2009,3388,3629,5366,5746
1730 523,1098,1612,3424,5366
737 523,1243,3424,4087,5366
1248 1612,3200,5366,5787,5887
495 2287,3424,4121,5366,5794
1532 1181,1612,2945,3388,5746
2400 301,709,1612,2589,5787
2900 1111,1612,3388,4054,5746
1927 1181,1612,4121,5366,5787
1479 1296,1612,2009,3388,4054
2477 1612,2945,3352,5746,5794
1850 2945,3424,3891,5746,5794
1547 1098,1612,5366,5746,5794
1271 1243,1612,4121,5746,5794
571 1264,1612,2009,3388,5366
1003 1296,3179,4542,5794,5887
2536 1296,2287,4542,5794,5887
1631 523,1140,2243,5366,5794
1217 1140,1612,1792,5366,5794
1210 1181,1612,2945,5746,5794
447 1181,1243,1612,5746,5787
1274 1612,3424,3891,5746,5787
2985 1111,2250,4542,5787,5794
1752 1111,1612,4542,4971,5794
132 709,1612,2589,5366,5787
2276 1181,1612,1979,5746,5800
2229 523,1243,2243,3424,5366
1066 2243,3200,3506,5366,5794
2989 709,1098,1612,3891,5366
2658 1243,1612,2243,5366,5787
2095 301,709,5095,5366,5787
2245 1181,1612,4971,5366,5787
342 1181,4971,5366,5746,5794
1617 1612,2243,2928,3915,5794
298 1098,1612,3891,5366,5794
647 1792,4054,5366,5746,5794
1074 1612,3767,5095,5787,5794
1351 1098,2009,3388,5366,5746
2793 1448,2287,4121,5366,5887
624 1181,1243,1979,2243,5794
436 1612,3512,5500,5746,5794
283 2945,3352,3767,5746,5787
696 523,1181,4121,5787,5794
1981 1792,2760,3506,5366,5746
361 1158,1612,2009,3388,5366
164 1612,2760,3891,4054,5366
985 1140,5366,5787,5794,5887
1390 307,1140,4956,5746,5794
2247 523,1612,1801,5366,5794
444 523,1181,1243,1612,5787
2013 2287,3179,4121,4542,5794
919 562,1181,1612,1979,5794
935 523,1243,2243,5366,5787
1444 3424,3506,4160,5366,5787
2919 1181,1612,2243,5366,5787
1711 1612,4971,5366,5746,5787
1243 1612,1979,2760,3200,5366
253 523,1243,2250,5366,5794
2335 1448,3179,3200,5366,5887
997 1202,1612,2945,3767,4054
1715 3179,4121,5366,5787,5887
1793 1127,1243,1612,5366,5794
1265 1612,1979,3200,5366,5746
1588 1612,2009,3629,5366,5746
2541 1296,1612,2760,3388,5746
630 1111,1612,1756,2760,5746
150 1111,1140,1612,3512,5794
2201 1243,1612,4054,5366,5746
520 523,1140,1612,3512,5794
1278 1612,3891,5746,5794,5800
1709 1792,2760,3891,5366,5746
1840 1243,1612,3424,4121,5787
277 1296,2287,3179,4542,5794
596 1140,1612,2009,5366,5746
1417 523,1612,2589,5366,5787
770 1448,2287,3179,4121,5366
22 1181,1243,1732,2243,5366
1392 4542,4971,5746,5787,5794
231 2243,3767,5746,5787,5794
2352 1111,1127,4542,5746,5794
2304 1243,1612,4054,5366,5787
1802 3424,3891,3909,5366,5746
2575 1181,1612,2243,2928,5794
33 2009,2287,4087,5366,5794
2295 1202,1612,2945,3767,5746
1031 2009,4054,4087,4956,5794
1633 1111,1612,1979,2945,3650
2259 1243,2243,3424,5366,5794
2858 3179,3424,4956,5787,5794
639 3200,3891,5366,5787,5794
2148 17,1612,3891,5787,5794
2250 1181,1612,2243,5787,5794
2378 2287,3179,3891,5366,5794
173 3179,4121,4542,5787,5887
179 1612,2243,5366,5746,5787
2581 1612,3200,5787,5794,5887
1789 1612,2243,3424,5746,5794
546 709,2287,3179,3891,5366
192 1979,2243,2945,5746,5794
1812 1111,1612,2928,5746,5787
2465 1612,1792,3891,5794,5887
1445 1243,1612,4054,5746,5794
587 1264,2009,2287,5366,5794
2409 1792,3506,3512,5787,5794
1381 1243,4121,4542,5746,5794
272 17,1111,5746,5787,5794
2933 523,2287,4121,4542,5887
1725 1140,5366,5746,5794,5887
330 523,2287,3424,4121,5794
2225 307,3352,5746,5787,5794
823 3081,3200,3506,5366,5794
354 1132,3424,3506,5366,5794
525 1448,3166,3179,4507,5366
230 1111,1612,2945,4054,5794
2675 1111,1612,2760,3388,4054
809 709,3179,3891,5366,5787
2819 1243,1634,2287,4542,5746
848 1612,3424,3915,4054,5794
1526 1296,3179,4542,5787,5794
771 2287,3179,4121,5366,5794
1571 1612,3424,4054,5746,5794
2399 1612,1979,4971,5746,5794
1962 1181,1612,3388,5746,5800
336 1296,2287,4542,5746,5794
1764 2287,3891,3909,5366,5746
325 1732,3179,4121,5366,5794
516 1111,1296,5746,5787,5794
1658 523,1243,2287,4121,5366
551 1612,1792,2243,5746,5794
1424 1243,1979,4121,5746,5794
1534 2945,3767,4054,5787,5794
1720 3179,3767,3891,5787,5794
1763 1111,1612,1792,3512,5746
1826 1111,1140,1612,5794,5887
701 1181,1612,4054,5366,5794
1028 1264,1612,5366,5746,5794
286 3200,3424,3891,5366,5794
2019 2928,2945,5746,5787,5794
931 523,1243,4121,5787,5887
522 1140,1792,3506,5366,5794
1743 1181,1612,2243,2945,5794
1660 562,1612,3891,5746,5794
271 1181,1612,4121,5787,5794
1385 523,2287,4087,5366,5794
1969 523,1243,2250,4542,5794
256 1181,1612,4971,5787,5794
2785 1612,2945,3424,3891,5787
2058 2009,2243,4121,5366,5794
1258 1098,1612,1979,5746,5794
1396 1612,2009,4054,4121,5366
1117 1296,2009,2287,5746,5794
950 1612,2945,3424,4054,5794
1 1732,2243,4121,5366,5794
2845 3767,3891,5746,5794,5800
2171 1612,1979,2945,3650,5746
1312 1243,1612,2243,5787,5794
1548 3424,3506,4160,5787,5794
466 523,1634,2250,4542,5887
1747 523,1181,1243,2243,5794
2359 1243,3388,3424,4054,5366
483 1612,3200,3767,5746,5794
366 1181,1979,2243,2945,5794
461 1296,1612,1792,5746,5794
2735 1140,2009,5366,5746,5794
1024 301,1264,1612,5366,5787
2931 1448,2287,3909,4707,5366
1693 1111,1140,1612,5787,5794
1359 1111,1612,4971,5787,5794
2977 523,2207,2287,3424,4542
1879 1181,2287,5500,5746,5794
2504 562,1111,1612,1979,5746
2215 1612,4971,5746,5787,5794
2546 1243,4054,5746,5787,5794
683 1612,2207,3388,3424,5366
1926 2009,3388,5366,5746,5874
1695 1612,2945,3352,5746,5787
2482 3179,3200,5366,5794,5887
636 1181,1612,2243,3053,5794
1335 3424,4121,5366,5746,5794
170 3506,4160,5746,5787,5794
742 523,1243,4121,5794,5887
320 1296,1634,2287,4542,5746
1180 301,709,1264,1612,5787
2573 1243,4121,4542,5746,5787
1388 1732,2287,3179,4121,5366
738 307,1140,1612,5746,5794
1183 3166,3179,3506,5366,5794
583 2243,3424,3891,3915,5794
2487 1634,2287,4121,4542,5887
2118 1612,3891,3915,4054,5794
2939 1612,1840,5366,5746,5794
474 1243,3424,4087,5366,5794
2018 523,1799,3424,4121,5366
865 1243,1612,1979,5746,5887
2872 1612,1979,4971,5366,5746
60 1098,1979,5366,5794,5887
1586 1243,1612,3424,4121,5794
2853 2287,3424,4542,4956,5746
1266 1243,1979,2243,5746,5794
434 562,1111,1979,5746,5794
2876 1612,3081,3767,5746,5794
1363 301,709,1612,5095,5787
1550 1181,1612,4971,5500,5794
302 1472,3767,3891,5787,5794
133 1243,1612,5746,5794,5887
1718 1243,1612,4121,5366,5887
1805 1181,1979,2945,5746,5794
214 1612,2243,2945,5746,5794
2521 1296,1634,2287,3179,4542
1244 1181,1243,4121,5366,5794
1871 1111,1612,2945,3388,4054
197 3200,4121,5366,5787,5794
1542 2287,3424,4956,5746,5794
2861 2207,2287,3424,4542,5794
1852 4121,5366,5746,5794,5887
2896 3081,5366,5746,5794,5887
559 2250,3424,4542,5787,5794
2597 3200,3767,3891,5746,5794
1691 523,1264,5366,5787,5794
2222 3179,3891,5787,5794,5887
1038 1792,2243,3891,5366,5794
1916 4160,4542,5746,5787,5794
1254 1612,2243,3388,3424,5746
915 1111,2928,2945,5746,5794
1083 1181,1612,4971,5366,5746
2755 3166,3891,5366,5746,5794
2048 1098,1612,3388,5366,5746
2003 1612,2243,3891,5787,5794
374 1098,1612,1979,5366,5746
151 3179,4121,5787,5794,5887
2227 1140,1243,1612,3388,5366
1091 1612,2945,3424,3891,5746
1203 1634,2287,3891,3909,5746
1782 1612,2760,3200,3891,5366
343 1612,3767,3891,4054,5794
2766 1612,3424,3915,4087,5794
1865 1612,1792,3512,5787,5794
1213 2009,3410,4121,5366,5746
876 1612,4054,4121,5366,5794
894 1448,2063,2287,4507,5366
347 180,2287,3179,4507,5366
2809 523,1243,2287,4121,4542
1053 1243,1612,2243,5746,5794
464 3424,4160,4542,5787,5794
1377 1111,1612,1792,5746,5787
2936 1472,3767,5746,5787,5794
955 1111,1612,4054,5787,5794
1470 1612,2945,4054,5746,5794
1825 3506,4160,5366,5746,5787
1587 2287,3179,3424,4121,4542
2158 1140,2287,5366,5794,5887
88 2207,3179,3424,4542,5794
2063 523,1243,4121,4542,5887
2696 3424,4054,4087,5366,5794
2237 709,2009,3179,4054,5366
2807 1612,3915,4054,4087,5794
700 1979,3200,4121,5366,5794
120 523,1181,1243,4121,5366
55 1792,3891,5366,5746,5787
922 2928,3891,5746,5787,5794
846 1612,1792,3891,5366,5887
1589 2287,3179,3424,3891,5366
2828 1612,3200,3388,5366,5746
912 1243,2287,4121,5366,5794
1766 523,1612,2589,4542,5787
907 1243,1612,1979,4121,5887
1124 1181,1243,4121,5366,5787
794 4054,4121,5366,5787,5794
999 1098,3891,5366,5746,5794
1791 523,1243,2287,4542,5887
2115 523,1243,2287,5794,5887
1432 2207,2287,4542,4956,5794
1995 709,1264,2009,3179,5366
2526 523,1181,2243,5366,5787
2163 1111,1140,1296,1612,5794
2196 1181,1243,1612,2243,5794
2561 1612,2945,4054,5787,5794
2463 1612,2009,3166,5746,5794
1292 1612,1979,2243,4121,5366
1469 523,2287,4121,5366,5887
1520 523,2207,2287,3424,5366
2255 523,1098,1612,3424,4542
262 2009,3200,3388,5366,5746
1816 523,1243,2243,3424,5794
2912 1612,4054,5746,5787,5794
558 1612,1979,2243,4121,5794
1615 1612,3891,4054,5746,5794
2368 1181,1612,2945,5787,5794
1511 1612,3891,4054,5787,5794
1992 1098,3424,4542,4956,5794
2712 523,1181,2243,5787,5794
2367 1243,2287,4121,4542,5794
357 1243,1612,1979,4121,5746
1737 1612,2243,2945,3388,5746
1122 1243,1612,3388,4054,5746
615 523,1243,1612,4087,5794
1495 1181,2243,4121,5366,5794
1252 1799,2009,3388,3629,5366
669 1111,1612,5787,5794,5800
1143 1612,2243,5746,5787,5794
2489 1111,1612,3166,5746,5794
897 1612,5095,5366,5746,5794
225 1612,2945,3424,5746,5787
731 709,1264,1612,5366,5787
1609 1612,3424,4121,5366,5746
622 2287,3179,3424,4121,5366
2513 1612,1792,2760,3891,5746
711 1098,1979,2243,5366,5794
1441 2009,2287,3166,5366,5794
2364 3179,3891,5366,5787,5887
1070 1132,1612,2009,5366,5794
2176 301,709,1612,2009,4039
1087 2243,3767,3891,5787,5794
1007 1111,1979,3200,5746,5794
1630 1243,3388,3629,5366,5746
103 3891,5746,5787,5794,5887
1856 2207,3081,3506,5366,5794
1369 1098,3506,5366,5746,5794
1346 1132,1612,1979,5366,5794
1204 1243,2243,5366,5746,5787
199 523,1098,1612,3424,5794
2098 1612,1979,2760,4971,5366
2605 1792,3891,5746,5787,5794
753 2207,2287,3424,3506,5366
259 3200,5366,5746,5787,5794
1593 523,1140,1612,2243,5366
1319 1181,4121,5366,5746,5794
2624 1792,5366,5787,5794,5887
1770 1181,1612,4971,5746,5794
1130 2928,2945,3891,5746,5794
443 1612,2009,4054,4121,5794
506 1243,1612,2243,3388,5746
2473 307,1140,1612,5787,5794
1522 2104,2287,3891,3909,5366
896 1140,2009,3179,5366,5794
2781 3424,4121,4542,5746,5794
344 1612,2243,3891,5366,5787
2852 2009,2243,4054,5366,5794
1114 1792,2243,4956,5746,5794
2956 1612,3424,4054,5366,5746
1575 1979,4121,5366,5746,5887
1531 1181,1243,1612,1979,2243
1748 1612,3200,3891,5366,5746
2348 1243,4054,4087,5366,5794
1327 1264,1612,5366,5787,5794
937 1111,1979,3200,5794,5887
2938 1111,1127,4542,5787,5794
1559 1612,3424,3891,4054,5366
2598 523,1612,2243,4121,5366
2053 1612,2243,2928,5746,5794
911 1111,4542,5746,5787,5887
2813 1098,1612,2009,5366,5746
1170 4121,4542,5746,5794,5887
589 1612,3166,3891,5366,5746
2420 1243,5366,5746,5787,5887
938 1612,1792,5366,5746,5887
442 1181,1243,1732,2287,5366
660 2760,3388,4054,5366,5746
1887 1243,1612,3424,4087,5366
1006 3179,3200,3506,5366,5787
2133 1296,1612,5746,5794,5887
2631 1243,4054,4121,5366,5794
2284 1111,1612,1792,4054,5794
1030 2287,4121,5366,5746,5794
580 2009,4039,4054,5366,5794
2493 2009,2287,3179,4121,5366
2706 1181,1612,2928,5787,5794
2138 2243,2945,3767,3891,5794
356 1111,1296,1612,5746,5787
2603 307,1140,1612,3424,5794
2149 709,1799,2009,2243,5366
925 3179,3200,5366,5787,5794
1146 1181,1612,2243,2945,3388
2211 1111,1296,4542,5787,5887
2326 1202,1612,3767,4054,5746
2345 523,619,1612,4542,5794
610 523,1612,2243,3424,5328
1411 2009,2589,3388,5366,5746
2467 1612,1792,3891,5746,5787
686 1979,4121,5746,5794,5887
2880 1612,2928,2945,3891,5794
183 307,3424,5746,5787,5794
13 1612,2009,3388,3629,5746
74 1111,1612,4542,4971,5787
2141 4054,4160,5366,5746,5794
346 1792,3512,4956,5787,5794
2297 1612,3424,4121,5746,5794
2200 3424,4054,5366,5787,5794
1489 1296,1612,3915,4054,5794
2197 2207,3506,5366,5746,5794
1376 523,2287,4121,5794,5887
1060 1140,2009,2287,4956,5794
2778 1243,1612,4121,5794,5887
758 1243,1612,4121,4542,5746
948 1612,4542,4971,5746,5794
204 180,2287,3179,3506,5366
983 3200,3421,3506,5366,5794
2204 709,1140,2009,3179,5366
1453 1612,3053,5787,5794,5887
2061 1612,3891,4054,5366,5746
698 1612,1979,2243,2945,5746
2908 1243,1612,1979,2243,5746
206 3891,5366,5746,5787,5887
2030 1098,1181,1612,1979,5366
2070 523,1181,2287,4121,5794
35 1243,2243,3388,3424,5366
1111 2207,3179,3424,5366,5794
760 1612,2243,2945,3767,5746
2109 1098,2009,4054,5366,5794
139 1792,3512,5746,5787,5794
1344 1243,4054,5366,5746,5787
1345 523,1181,2287,4121,5366
1150 1612,2243,3424,3891,3915
1827 2063,3424,3506,5366,5794
1512 1612,3767,5787,5794,5800
779 1264,1612,2009,5366,5746
510 1612,2945,3650,3767,5746
1184 1296,2009,2287,3179,5794
1407 1098,1612,3388,3424,5366
1808 3421,3506,3512,5746,5794
2154 4542,4971,5500,5746,5794
1590 1612,2243,2945,3891,5794
872 2945,3767,4054,5746,5794
165 1612,3388,5095,5366,5746
2267 2287,2575,3891,5366,5746
2316 1612,2009,2243,4054,5366
1199 1612,2009,3200,5366,5746
702 1181,1979,4160,5366,5794
838 3891,4971,5366,5746,5794
2161 1243,1612,4121,4542,5887
1762 1612,3166,3891,5746,5794
607 1181,1243,2243,5366,5787
2430 1296,2009,4054,5746,5794
51 307,1612,3352,5746,5787
2999 3179,3424,4121,4542,5787
1929 1111,1612,1801,1979,5794
188 3179,3200,5366,5787,5887
62 1181,1612,1979,2243,2945
1980 1111,5746,5787,5794,5887
422 1181,1979,4971,5746,5794
836 2287,3424,3891,5746,5794
1584 2009,3179,3200,5366,5794
756 1111,2928,2945,5787,5794
1619 1111,1296,4542,5746,5787
2925 1140,1448,2287,5366,5887
648 1181,2243,2945,3388,5746
2440 523,2287,3424,4087,5366
2050 523,1140,5787,5794,5887
2177 1243,1612,4121,5787,5887
1463 709,2009,2243,4054,5366
995 1612,2207,4542,5500,5794
2760 523,1181,2250,2287,5366
314 1111,1612,1756,2945,5746
1071 1243,1612,1901,4054,5366
2164 1243,1732,2287,4121,5366
2291 1612,2243,2945,3424,5794
1304 562,1181,1612,5746,5794
1577 2207,3179,3424,3506,5794
2363 523,1140,1243,1612,5794
423 1181,2243,5366,5746,5787
29 523,1612,2243,4121,5794
575 3200,3421,5366,5794,5887
1958 2287,3891,5746,5794,5887
2389 1612,2243,3767,5746,5787
64 709,2009,4039,4054,5366
401 1111,1612,4971,5746,5794
385 4121,4542,5500,5746,5794
2808 523,1243,2243,5787,5794
481 3424,3891,4160,5366,5794
2713 1181,1612,1979,2945,5746
1132 2009,2243,3388,4054,5366
2205 1612,3424,4121,4542,5746
884 1181,1979,4971,5366,5746
2932 1612,2009,2243,4121,5366
257 2243,4121,5366,5787,5794
681 1612,2243,5500,5746,5794
664 3424,3506,3909,5366,5746
1920 1181,1612,4121,5366,5746
1165 709,1612,3891,4054,5787
2365 2760,3388,3629,5366,5746
2322 1181,1243,1979,4121,5366
1348 2243,3506,5366,5746,5787
2175 1634,3179,4121,4542,5887
181 2287,3179,3424,3891,3915
784 1181,1612,3388,4054,5366
438 2243,3410,3424,5366,5746
2086 1243,4054,4121,5366,5787
1640 1296,4542,5746,5794,5887
2427 1612,3352,3512,5746,5794
1219 1243,2250,5366,5787,5794
757 1243,2575,3424,5366,5746
134 2287,3179,3424,3891,5794
1674 1612,3891,4971,5787,5794
23 1111,1612,5746,5787,5887
1646 1612,3891,4971,5366,5787
1418 1111,1127,1612,5746,5794
2777 1612,1979,2243,5794,5800
1373 1612,2207,5366,5746,5794
2349 1296,1612,4054,5787,5794
315 2243,3424,4956,5746,5794
1959 2287,4121,4542,5746,5794
1883 709,2243,3891,5366,5787
2635 1612,1979,2063,5366,5794
1337 1634,2287,3179,4121,4542
2571 1612,3200,3388,3424,5366
79 1612,5095,5366,5794,5887
594 3424,4121,5366,5746,5787
1247 523,1243,1612,2243,5787
245 1111,4542,4971,5746,5794
1663 523,1181,2250,2287,5794
2241 1243,1634,4121,4542,5746
2207 523,1264,1612,5366,5787
1560 1612,2009,3200,5746,5794
2915 1181,1612,2243,5794,5800
2294 1634,2287,2575,3891,5746
496 1612,4542,4971,5746,5787
2644 3767,4054,5746,5787,5794
2795 523,1181,1612,4121,5787
332 1098,2287,3506,5366,5794
2431 1181,4971,5366,5746,5787
2715 1634,4121,4542,5746,5887
1682 1181,1243,2243,5366,5746
2825 1612,3424,3891,4054,5794
1564 1612,4971,5500,5746,5794
2646 3081,5366,5746,5787,5794
783 1140,1612,5787,5794,5887
1953 1792,3512,3891,5746,5794
1001 1098,2009,4956,5746,5794
2687 1111,1612,1979,4039,5794
963 1181,1243,2243,5787,5794
1447 1243,2250,3424,4542,5794
2198 523,1612,3424,5328,5787
178 1140,3424,5366,5746,5794
521 1612,1792,2243,3891,5366
1384 1612,3200,4121,5366,5794
1541 1612,3891,4054,5366,5787
1753 1098,1612,2009,5746,5794
690 709,1612,2009,3316,5366
708 1612,2009,4039,4054,5366
1118 1181,1243,4121,5787,5794
968 2287,3166,5366,5746,5794
749 1243,2250,4542,5787,5794
2817 3200,3767,3891,5787,5794
2523 1111,1612,1792,2760,5746
1723 1140,1243,3424,5366,5794
2578 1181,2243,5746,5787,5794
2759 2575,3424,3891,5366,5746
658 1612,3200,3891,5746,5794
2812 307,1140,4956,5787,5794
2185 1612,1979,3512,5794,5800
1062 3352,3512,5746,5787,5794
1109 1243,1612,2243,3424,5366
1224 1140,2287,3424,5366,5794
789 1243,1612,3629,5366,5746
2923 1801,1979,5366,5746,5794
2615 1612,2945,3388,4054,5746
1719 1792,3506,3512,5746,5787
2592 2250,2287,5366,5794,5887
2873 1612,1792,5746,5794,5887
1160 1612,2928,3891,5746,5787
1627 2009,3200,4121,5366,5794
1166 1181,1612,4121,5746,5794
2995 1140,5366,5746,5787,5794
2428 2287,3179,3891,3915,5794
875 1098,1448,2287,4507,5366
662 523,1098,5366,5787,5794
274 1111,1296,2760,3388,5746
437 1140,1296,1612,2009,5794
503 2287,3166,3506,5366,5746
267 1140,1243,5366,5787,5794
2447 1181,2243,2945,5746,5794
227 2287,3891,5366,5746,5887
1954 1296,1634,2287,4542,5887
2681 1140,3424,3506,5366,5746
2116 307,1612,3424,5746,5787
1738 1181,1612,5787,5794,5800
1889 2009,3166,4956,5746,5794
678 1158,1612,2009,5366,5794
759 709,1612,2243,3891,5787
2779 1612,1792,4054,5746,5794
1175 1181,1979,2243,5794,5800
2356 1098,1612,5366,5787,5794
268 3388,3424,4054,5366,5746
1928 1098,1612,1979,2760,5366
957 1612,2928,2945,5746,5787
155 1181,1243,1612,2243,3388
1048 1111,1979,3512,5794,5800
2883 1140,1612,2243,3388,5366
2797 1612,3767,3891,5746,5800
952 1098,1612,4542,5746,5794
886 523,2250,3424,4542,5787
1050 1612,1792,3512,3891,5746
2377 2009,2243,3410,4956,5746
2288 2243,2945,3767,5787,5794
2281 1243,2287,3424,4121,4542
1461 1202,1612,2945,3650,3767
39 1792,4054,5366,5787,5794
847 3424,4160,5366,5746,5794
2744 3200,5366,5746,5794,5887
2776 1111,1979,4971,5746,5794
1097 1181,1243,1732,2243,5794
1297 3179,3200,3424,3506,5794
460 709,1132,1612,2009,5366
2188 2760,3200,3424,3506,5366
2537 1243,2287,2575,5366,5746
2893 1111,4971,5746,5787,5794
530 1612,2009,3316,5366,5794
1147 1612,3200,3891,5366,5787
2315 307,1140,3424,4956,5794
27 1181,2243,2928,5746,5794
1401 1140,3179,5366,5794,5887
2279 1140,1612,2009,5746,5794
1138 1181,1979,2760,4971,5366
1101 523,2243,3424,5366,5787
2944 2287,3166,3891,5366,5794
287 523,2243,3424,4121,5366
334 1111,1296,1612,2760,5746
1897 1181,2243,5500,5746,5794
1205 523,1181,1243,1612,2243
1943 1181,4971,5746,5787,5794
2228 1612,2589,3388,5366,5746
1177 4054,4160,5746,5787,5794
746 2207,2287,3424,5366,5794
4 1612,3891,5746,5787,5887
2639 1612,3891,5787,5794,5800
2609 523,1181,1841,2243,5794
323 1243,1612,3424,4054,5366
592 2009,3179,4087,5366,5794
1227 1111,1140,1612,2760,3388
2182 1181,2243,4971,5366,5794
1004 1140,2243,3424,5366,5794
479 523,1098,5366,5794,5887
2021 1098,1181,1612,1979,5794
560 1098,1612,1979,2945,5794
101 523,1243,1612,2243,3424
1040 523,1140,1612,2243,5794
291 523,1243,3424,4087,5794
2202 348,2945,3388,3424,5746
2105 1612,2009,3316,3388,5366
2078 523,1612,3166,3512,5794
2768 1612,2243,3767,3891,5787
261 1140,2009,3388,5366,5746
1125 2009,3388,4039,4054,5366
1039 1612,1979,2760,4039,5366
2677 1612,1792,3512,5746,5787
2472 1098,1181,1612,5366,5794
1449 3179,3200,3506,5787,5794
739 1979,2243,4160,5366,5794
440 1140,3179,3424,3506,5366
1957 1181,2945,5746,5787,5794
1771 1979,4160,5366,5794,5887
2538 523,1801,5366,5787,5794
2094 1634,2287,4121,4542,5746
153 1243,5746,5787,5794,5887
781 301,709,4039,5366,5787
358 17,1111,1296,1612,5794
1712 3891,4160,5746,5787,5794
2044 1612,1979,3200,4121,5366
195 1799,2760,3388,3629,5366
531 180,1634,2287,3179,4507
1033 1098,3424,3891,5366,5794
882 1098,1612,2009,3388,5746
2375 1111,1140,1296,1612,3388
2705 3424,4121,5746,5787,5794
2137 1111,1140,1612,1792,5794
2680 1612,3200,3424,3891,5366
1236 1612,3891,4971,5746,5794
159 1111,1612,3166,5746,5885
1443 1181,1243,1732,2287,5794
2708 1612,1792,4054,5366,5746
61 2009,2243,3410,4121,5366
824 2287,3424,3891,5366,5746
163 2207,2287,3179,4542,5794
2413 1799,2009,2243,3388,5366
780 2009,2287,4121,5366,5746
1930 17,562,1111,1612,5794
2834 1612,4121,5366,5746,5887
849 523,2207,2287,3424,5794
1833 1098,1612,3767,5746,5794
42 523,1801,2243,5366,5794
2444 1243,1612,4542,5746,5887
205 1111,1612,2097,5746,5787
1012 2207,2287,3424,3506,5794
2256 2928,2945,3891,5787,5794
1173 1612,4054,5366,5746,5787
1786 3179,3200,3424,3506,5366
1287 3179,3424,4121,5366,5787
998 3421,3512,4956,5746,5794
1057 2760,3424,3909,5366,5746
934 2760,3424,3891,3909,5746
2838 2009,4039,5366,5746,5794
2471 1111,1296,1612,4054,5794
2068 1612,2243,2945,3767,3891
1507 2243,2945,3424,3891,5794
906 2009,2046,3179,4956,5794
2064 17,1111,1612,5746,5787
1830 2287,3506,4160,5366,5794
2958 3891,4054,4160,5366,5794
2047 1612,4121,5500,5746,5794
2330 3767,3891,4054,5787,5794
411 709,1140,2009,4054,5366
348 3421,4226,5366,5746,5887
2894 1181,1243,1612,4121,5366
102 1243,2243,5746,5787,5794
87 1612,1840,5366,5794,5887
1556 3166,3506,3512,5746,5794
2868 1140,1792,5366,5746,5794
1308 1111,1792,5746,5794,5887
1994 2287,3179,4707,5366,5887
808 1127,1448,3166,4507,5366
239 1132,1979,5366,5794,5887
740 3179,3200,5787,5794,5887
993 1127,1612,2945,3767,5794
668 3081,3506,5746,5787,5794
2015 1181,1243,1979,4121,5794
2922 709,1098,1612,5366,5787
2097 1612,3424,4054,4087,5366
1360 2243,3424,4121,5366,5794
2920 1612,2243,4971,5366,5794
984 1612,1792,2243,3891,5794
1215 1296,2009,2287,4054,5794
2576 1612,2009,2243,4121,5794
2231 3200,3424,5366,5787,5794
2317 2945,4054,5746,5787,5794
2216 1181,1979,4971,5794,5800
2072 1612,1979,4121,5746,5887
1667 307,1612,5095,5787,5794
2332 1612,3891,4971,5366,5746
1188 1181,1243,2287,5366,5746
1735 1111,1612,2928,2945,5746
2570 1472,3891,5746,5787,5794
804 1181,1732,2287,4121,5366
472 1127,1243,1612,4542,5794
176 1634,3512,3891,3909,5746
1088 1140,2243,3424,3506,5366
2083 2243,3424,5366,5787,5794
276 1612,2009,2243,5794,5800
1656 523,1098,1181,5366,5794
1832 3179,3200,3424,5366,5794
329 1448,2287,3179,4707,5887
2011 1243,1634,4121,4542,5887
2261 523,1243,1612,4121,5887
2895 1181,1612,1979,2243,5800
1415 1612,3200,3891,5787,5794
2629 1158,2009,3388,5366,5746
1955 2009,3388,4039,5366,5746
996 1098,1296,1612,4542,5794
490 1612,2243,3767,5794,5800
2695 2250,3424,5366,5787,5794
290 709,2287,3891,4054,5366
1862 2207,2287,3179,5366,5794
2835 1111,1612,2928,2945,5787
158 1111,1612,1979,3512,5800
2017 1243,2287,3424,4121,5366
1496 2287,3179,4707,5794,5887
37 3179,3200,3767,5787,5794
2219 307,1612,3424,4657,5746
672 2243,3506,5746,5787,5794
2101 1111,1792,3512,5787,5794
2554 1979,2063,5366,5746,5794
1602 1472,3767,3891,5746,5794
1896 1181,1612,1979,4971,5746
2788 1098,1612,2945,3767,5794
226 1181,2243,2250,5366,5794
517 523,1634,2287,4121,5887
2887 523,1243,1612,2589,5366
1905 1612,3200,3891,3915,5794
1487 1612,2760,3891,4971,5366
1289 523,2207,3424,4121,5366
773 1612,3081,5366,5746,5887
2969 1296,1612,4542,5746,5887
1300 1181,1612,2928,2945,5794
2953 1140,2243,5366,5746,5794
1106 1140,3179,3424,5366,5794
2668 3081,3506,5366,5746,5787
154 1098,3506,5366,5787,5794
1696 1140,2243,3506,5366,5746
1123 2207,2287,3179,3506,5366
2947 1296,3179,4542,5787,5887
1876 1612,4542,4971,5500,5746
1353 709,2009,2243,2589,5366
1951 1181,1612,5095,5366,5794
457 523,1181,1243,4121,5794
295 1181,1979,2243,4121,5794
552 1181,1979,4121,5366,5746
1169 1098,2009,4087,5366,5794
726 1612,3200,4121,5787,5794
1673 523,1098,2287,4542,5794
58 1612,3388,3424,4054,5746
2146 1243,1634,4542,5746,5887
2743 1243,1612,2243,3424,5794
2773 1181,1612,2243,4121,5794
94 1448,3081,3200,5366,5887
2108 523,2250,5366,5787,5887
109 1243,1612,4054,5746,5787
1202 301,1612,4039,5366,5787
1727 1612,2009,5095,5366,5746
2414 2104,2287,3179,3891,5366
1322 523,2243,3166,5366,5794
891 3200,3424,3506,5787,5794
2299 1181,1732,2287,4121,5794
2077 523,1181,2243,4121,5794
2084 1612,3200,4121,5366,5787
942 1612,3166,3512,5746,5794
2552 2287,3179,3915,5785,5794
2884 2287,3891,4054,5366,5794
556 1612,4039,5366,5787,5794
1774 1243,1612,3424,4054,5794
294 2009,4054,4121,5366,5746
339 1243,1612,2243,5746,5787
2929 1612,2760,3388,4039,5366
377 1181,4971,5500,5746,5794
2103 1140,1612,2009,3388,5746
1500 1634,2287,3891,5746,5887
1504 1612,2760,3200,3388,5366
136 523,1181,1612,2243,5787
2752 1243,2250,3424,5366,5794
2357 523,1612,2207,4121,5366
463 1612,4121,4542,5746,5887
1540 1243,1612,4054,4087,5366
1431 2009,2243,2589,3388,5366
1728 1181,1841,2243,3053,5794
477 709,1098,1799,2009,5366
1164 2243,2945,3424,5746,5794
951 1792,3891,4054,5366,5794
2460 2243,4956,5746,5787,5794
1257 1979,2243,5366,5776,5794
2840 2207,3179,3424,4542,4956
2993 1111,1612,2589,4542,5787
2323 1243,1979,4039,5366,5794
2336 523,2250,3424,5366,5787
1272 1612,2945,3388,3424,4054
1815 1612,2760,3629,5366,5746
2212 1140,1612,5366,5787,5887
2243 1612,5095,5366,5746,5787
799 2104,2287,3179,3891,3915
2587 3767,3891,5787,5794,5800
2640 1111,1296,1792,5746,5794
917 1140,2287,3424,3506,5366
2617 1181,4121,5366,5746,5787
1261 1181,1612,4971,5746,5787
1659 1612,3891,3915,4971,5794
1416 2287,3179,4121,4542,5887
1426 1296,1612,1792,5787,5794
111 2287,3179,3424,4121,5794
1973 1140,3424,3506,5746,5794
1301 1243,1612,1979,2589,5366
2821 1127,1243,5366,5787,5794
2601 1140,1612,3424,5366,5746
2422 1979,2063,2243,5366,5794
1263 1243,4054,4121,5787,5794
1572 1296,1612,4054,5746,5794
761 562,1612,4971,5746,5794
2903 1612,2207,4542,5746,5794
902 1612,4121,5746,5794,5887
2654 523,1181,1841,5787,5794
1990 1448,3200,3421,5366,5887
2074 3767,5746,5787,5794,5800
1623 1612,1979,3200,4121,5794
868 1098,2243,3506,5366,5794
1919 523,2250,4542,5787,5887
901 1098,1612,3891,5746,5794
7 709,1140,2287,3179,5366
1427 1181,2928,5746,5787,5794
837 1140,1296,1612,2009,3388
1079 1111,2250,4542,5794,5887
492 1140,1612,2760,5366,5746
2173 1140,2287,3424,4507,5366
2849 1111,1612,3512,5794,5800
2485 1264,2009,5366,5746,5794
1104 1612,3081,5746,5794,5887
885 2207,3424,3506,5366,5746
790 1181,1979,4121,5746,5794
107 1140,1612,5746,5794,5887
2875 2287,3424,4054,5366,5794
2238 1296,3179,5787,5794,5887
408 1098,1612,3767,3891,5794
2384 1612,1979,4971,5794,5800
992 1098,3424,5366,5746,5794
1142 2063,2287,3506,5366,5794
2750 1098,2009,3388,4054,5366
30 1140,1612,2243,5366,5746
663 1140,1448,3179,5366,5887
15 1111,2928,4971,5787,5794
2351 1612,2760,4054,5366,5746
1838 1612,2945,3891,4054,5794
1035 1140,1448,2287,3179,5366
1229 523,2243,4121,5366,5787
360 17,3891,5746,5787,5794
2992 1311,1612,2009,3388,5746
2313 1841,2243,3053,5794,6035
236 562,1181,1612,1979,5746
1310 2243,3424,3506,5366,5787
2220 1111,1127,1612,4542,5746
2062 2243,3200,3891,5366,5794
1475 1448,2207,2287,3179,5366
2792 1612,3166,5500,5746,5794
2935 1792,3352,5746,5787,5794
2130 1296,2287,3179,3915,5794
1685 562,1181,1979,5746,5794
2574 523,1140,2287,5794,5887
84 1612,5746,5787,5794,5800
2497 1612,2760,3388,4054,5746
1013 709,1612,2009,2536,4054
2946 562,1181,1612,4971,5794
1898 1243,1634,2287,2575,5746
448 1098,4542,4956,5746,5794
744 1612,2009,2243,4054,5794
2613 1140,2287,3179,3506,5366
2904 1098,1799,2009,3388,5366
116 1127,5366,5746,5787,5794
2653 523,619,4542,5787,5794
598 3081,3200,5366,5794,5887
2716 523,1098,4542,5794,5887
2027 1472,3506,5746,5787,5794
2878 1612,1792,3352,5746,5794
748 1098,1612,4054,5366,5794
2406 1111,1612,3200,5746,5794
2008 2287,3424,3891,3909,5366
1820 1612,2207,4121,4542,5794
2165 1612,2243,4121,5366,5787
825 1612,2243,5095,5366,5794
1652 523,2207,3424,4121,4542
1893 1612,3200,3424,3891,5794
2864 2250,2287,3424,4542,5794
1405 4121,5366,5746,5787,5887
1523 2945,3424,4054,5746,5794
297 1181,1243,2243,5746,5794
2213 1111,1296,5787,5794,5887
1382 1140,3179,5366,5787,5794
1851 1612,3891,5326,5787,5794
2244 1612,2243,3166,5366,5794
714 1132,3506,5366,5746,5794
637 3179,3424,3891,5366,5787
1473 619,1612,4542,5787,5794
2302 1181,1243,1732,4121,5366
1318 1181,1612,2243,5746,5787
1439 3891,4160,5366,5746,5787
2697 1243,1634,2287,4542,5887
1601 1098,1612,3424,3891,5366
169 523,2207,3081,5366,5794
1182 2945,3424,3891,5746,5787
2491 1181,1612,2243,4971,5366
1492 1792,4054,4956,5746,5794
12 1098,1612,3891,5366,5746
2221 562,1111,1612,5787,5794
2262 2287,2375,4707,5794,5887
2889 523,2243,3424,4121,5794
2049 709,1612,2243,5095,5366
1357 1181,1612,4971,5794,5800
1713 2760,3388,3424,4054,5366
1058 709,1612,1816,2009,5366
2096 1612,3200,3891,5366,5887
1907 1181,1979,2243,4121,5366
1570 1181,1732,2243,4121,5366
2210 1140,2287,3179,5366,5794
2665 1181,1243,2243,3388,5746
91 523,1098,4542,5787,5794
1015 1181,1612,2243,2928,5746
293 1098,1612,3767,5787,5794
497 2287,3891,4160,5366,5794
1515 1612,4121,4542,5500,5746
2449 2009,2287,3166,4956,5794
2282 191,562,5746,5787,5794
156 1612,2243,3891,5794,5800
2871 1612,1756,2945,3424,5746
1742 1111,1264,1612,5746,5794
1196 1140,2760,3506,3909,5366
2085 1612,2207,4121,5366,5794
1116 1243,1612,3388,3629,5746
1061 523,619,1612,4542,5787
946 1140,1792,3506,5746,5794
2437 1111,1140,1612,3388,3512
2951 523,1140,2287,3424,5366
549 1140,3506,5746,5787,5794
1176 3200,3424,5366,5746,5794
2162 1098,3424,3506,5366,5746
2425 523,2250,5787,5794,5887
851 709,1612,2243,2589,5366
511 2243,3424,3891,5366,5746
929 1612,3424,4121,5746,5787
1320 2063,2243,3506,5366,5794
2512 5095,5366,5787,5794,5887
1759 301,709,1132,2009,5366
198 523,1140,5366,5787,5887
201 1181,1732,2243,4121,5794
879 1612,2760,3388,3629,5746
2531 709,1612,2009,2243,4054
2885 523,1243,1612,3424,4087
98 1140,2009,4054,5366,5794
213 2207,4542,4956,5746,5794
1306 1181,1612,2243,2945,5746
1233 1612,2243,4054,5366,5794
2927 523,2243,3424,5787,5794
326 2760,3200,3891,3909,5366
2527 1140,1612,5366,5746,5787
367 1202,1612,2945,4054,5746
48 4054,4160,5366,5746,5787
2178 523,1098,1181,1612,5366
620 523,1181,2243,4121,5366
2731 4054,4956,5746,5787,5794
2690 3506,4039,5366,5787,5794
943 1140,2009,4956,5746,5794
1625 1979,3200,5746,5794,5887
654 1111,1127,1612,5787,5794
2041 1612,2243,3200,5366,5794
1773 1140,1612,3424,5746,5794
1769 709,1612,2243,4054,5366
2426 523,2207,4121,5366,5794
656 709,1098,2009,4054,5366
1881 523,1098,2243,5366,5794
2432 1243,1612,2589,3388,5366
2619 2207,3179,5366,5785,5794
2959 1098,2760,3424,3506,5366
795 1140,1612,5746,5787,5794
1749 2207,2287,3424,4542,4956
722 1098,1612,3424,5366,5746
2667 1181,4971,5787,5794,5800
1705 1098,1634,2287,4343,4507
2192 1181,1612,2760,4971,5366
1917 2287,3424,4087,5366,5794
1884 1612,2928,4971,5787,5794
2305 523,1612,2207,4087,5366
2127 709,1816,2009,2243,5366
2612 1111,1612,1792,3512,5787
1979 1140,3388,3424,5366,5746
1023 2009,2287,3179,4121,5794
710 1098,3388,3424,5366,5746
1799 2009,2287,4087,4956,5794
480 1111,1296,1612,3388,4054
1368 191,4039,5366,5746,5794
1273 2243,2945,3891,5746,5794
550 2250,2287,4542,5794,5887
878 1612,2589,5366,5746,5787
1467 1181,4121,5746,5787,5794
1094 523,1140,1243,3424,5366
617 3200,3424,3506,5366,5787
2702 523,1181,1243,4121,5787
2926 1612,1792,3352,5787,5794
1722 1979,4039,5366,5746,5794
2293 523,1243,2287,4121,5794
593 2287,3179,4121,5366,5887
1736 1098,1181,2243,5366,5794
1286 562,1612,1979,2243,5794
1754 1612,2928,2945,3891,5746
1460 1243,1612,5746,5787,5887
25 1612,1792,3891,4054,5366
2824 1111,1612,1979,3650,5746
1513 1098,1296,1612,2009,5794
1036 1098,1612,2760,3891,5366
1222 180,2009,2287,3179,5366
1828 3200,3506,5746,5787,5794
2100 4121,5746,5787,5794,5887
473 523,1098,2287,5366,5794
2028 523,1098,1612,5787,5794
2543 1140,1792,3506,5366,5746
2917 2287,3166,3506,5746,5794
243 523,2207,4121,4542,5794
426 1111,1296,1612,5746,5887
1788 1612,3081,5746,5787,5794
2978 2243,2945,3388,3424,5746
425 1140,3179,3424,4507,5366
2459 1612,3352,3512,5746,5787
1624 1140,1243,1612,5366,5787
233 1612,2760,3424,4054,5366
2633 1181,1243,2287,5746,5794
2046 1181,1612,2589,3388,5366
2540 1140,4956,5746,5787,5794
2794 2243,2928,3891,3915,5794
2087 1264,2009,3179,5366,5794
1073 523,2250,2287,5794,5887
432 3424,3506,4160,5366,5746
987 562,4971,5746,5787,5794
244 2243,3424,3506,5787,5794
528 1098,2945,3767,5746,5794
28 191,5746,5787,5794,5800
1268 1732,2287,3179,4121,5794
40 1098,1612,3424,5746,5794
745 1612,3767,5095,5746,5794
646 1612,3200,3424,3915,5794
1637 709,1612,4039,5366,5787
416 2287,3179,3891,5794,5887
1065 3200,3424,3506,5366,5746
977 1612,2945,3767,4054,5746
2429 2207,3424,5366,5746,5794
543 2009,2287,3166,5366,5746
1697 523,1612,2207,3081,5366
288 562,1181,4971,5500,5794
920 1243,3388,5366,5746,5874
782 3767,3891,4054,5746,5794
900 709,1140,2009,2243,5366
97 1448,2287,3166,4707,5366
1241 2287,2375,3891,5794,5887
2562 1098,1612,4542,5787,5794
369 2760,3506,3629,5366,5746
2464 1612,2009,2243,3166,5366
1726 562,1111,1612,5794,5800
454 1098,3767,3891,5746,5794
17 1612,2207,3424,5366,5746
1558 3179,3424,3891,5787,5794
2270 1612,3200,3891,5794,5887
2983 1098,3424,4087,5366,5794
2057 523,1140,2250,5366,5794
834 1243,1612,1901,3424,5366
1154 523,1264,1612,5787,5794
1324 1181,1612,2243,4971,5794
1537 562,1111,1612,4971,5794
237 1140,2287,5366,5746,5794
1242 709,1612,3891,4039,5366
311 4121,4542,5746,5787,5887
1067 1612,3424,4054,4087,5794
822 619,1111,1612,4542,5794
1947 523,1612,2243,3166,5366
1293 1612,2243,2945,3388,3424
1966 1296,1634,4542,5746,5887
1662 1140,3179,3424,3506,5794
284 1296,2250,4542,5787,5794
1612 3179,3424,4054,5366,5794
2787 301,709,1612,2536,5095
2111 1612,2243,3424,5366,5787
1616 1296,1634,3179,4542,5887
707 1243,4542,5746,5787,5887
71 1098,2009,4121,5366,5794
2274 3200,3424,3506,5746,5794
667 1612,5095,5366,5787,5887
1446 1181,1612,1979,2760,5800
670 1181,1612,2243,4121,5366
263 1111,2945,3388,4054,5746
1249 1296,2009,3388,4054,5746
1706 1181,1612,2928,5746,5787
2507 1243,1634,2287,4121,4542
1326 1181,1612,3053,5787,5794
2209 1979,3200,5366,5746,5887
1433 2009,3410,3629,5366,5746
1552 1243,3424,4054,5366,5787
1505 1140,1243,5366,5746,5794
2036 3179,3424,4121,5787,5794
2662 1243,3424,4054,5787,5794
78 1111,1612,4054,5746,5885
419 1612,2243,2928,3891,5794
2381 2207,2287,3179,3506,5794
217 2243,4121,5366,5746,5794
2910 2207,3424,3506,5746,5794
2814 1612,2243,4121,5787,5794
641 4121,4160,5366,5787,5794
2831 2009,2243,4054,5366,5746
1302 1612,1979,3316,5366,5794
752 3200,3506,5366,5746,5787
456 1612,2243,2928,2945,5794
609 180,2207,3424,3506,5366
1413 562,1612,1979,4971,5794
2566 1098,5366,5746,5787,5794
2152 1111,1612,4039,4542,5794
182 1098,1979,4160,5366,5794
1171 1111,1612,1979,4971,5746
2638 523,1243,2287,3424,4121
1347 709,1098,1612,4054,5366
1234 2243,3767,3891,5794,5800
2758 1111,1612,1756,2928,2945
2843 1448,2287,3179,4121,5887
2569 1127,1243,5366,5746,5794
2882 1612,3081,5366,5746,5787
1159 1264,1448,2287,3179,5366
1745 1612,3166,3512,3891,5794
599 1098,3424,3506,5746,5794
2498 2243,3410,3424,4956,5746
2371 1111,1127,1612,4542,5787
216 562,1181,1612,5500,5794
386 1140,2287,3424,3506,5794
2648 1111,1612,4971,5794,5800
2040 562,1612,1979,5794,5800
2385 1098,1612,3388,3424,5746
2642 1127,2945,3767,5746,5794
2762 1612,2243,3388,3629,5366
2891 2063,3506,5366,5746,5794
2398 2046,3179,3424,3915,5794
719 3424,4121,4542,5746,5787
2632 1181,1612,1979,4121,5746
2180 1612,2928,2945,3891,5787
2020 1181,1612,1979,2945,3650
1472 523,2287,3424,4087,5794
958 523,1612,2243,3424,5787
1987 523,1612,2207,4121,4542
2442 1140,2243,3388,3424,5366
1950 1296,1612,2009,4054,5746
56 1158,1612,2009,3388,5746
1866 1111,1612,1979,2760,5800
2396 1181,1612,4121,5500,5794
175 1111,1979,2945,3650,5746
2151 1098,1612,4087,5366,5794
1465 1098,1612,1979,3512,5794
892 1311,1612,1979,5746,5794
1352 1181,5746,5787,5794,5800
2232 3081,3200,5366,5787,5794
747 1792,3891,5746,5794,5887
331 1612,4039,5366,5746,5794
9 1181,1243,4054,5366,5794
2386 1098,1181,1979,2760,5366
18 1264,1612,3388,5366,5746
1220 307,1098,1612,3424,5794
351 2009,2287,4121,5746,5794
755 1111,2760,3388,4054,5746
258 180,2104,2287,3179,5366
162 1181,1612,4121,5746,5787
180 2760,3200,3506,5366,5746
1760 562,1612,5500,5746,5794
835 1140,3424,5366,5787,5794
1902 1243,1612,4039,5366,5794
2140 1140,2243,3424,3506,5794
1636 1243,3424,4121,5746,5787
2451 523,2250,2287,3424,4542
1490 1264,2287,4707,5366,5794
1208 1140,3506,5366,5746,5787
653 3179,3424,4087,5366,5794
2160 562,1181,4971,5746,5794
1457 1111,4054,5746,5787,5794
918 2243,3424,3891,5746,5794
2419 1612,2945,4054,4087,5794
2453 1264,2009,3388,5366,5746
1986 523,2250,3424,5787,5794
2560 1181,2243,2928,2945,5794
956 523,1243,1634,4121,5887
2052 523,1140,2243,3424,5366
1996 562,1612,4971,5500,5794
534 2009,2287,4054,5366,5746
547 1612,3053,4121,5787,5794
1576 523,2250,2287,3424,5366
387 3200,3767,5746,5787,5794
1280 2243,3891,5746,5787,5794
113 523,2250,4121,4542,5794
2283 1243,1612,3388,4039,5366
2723 1792,4226,5366,5746,5887
1235 1612,3200,3767,3891,5746
591 1612,2945,3767,4054,5787
2374 1612,2009,3200,3388,5746
2634 1098,1612,2009,4054,5366
844 1140,1612,5366,5746,5887
1414 562,1612,4971,5787,5794
350 4054,4121,5366,5746,5794
2589 2287,3166,4707,5366,5794
2479 1634,2287,4039,4343,4507
2556 562,3891,4971,5746,5794
960 3424,4054,4956,5746,5794
2902 523,1243,2243,4121,5366
395 2945,3179,3767,5787,5794
532 523,1634,2287,2589,4542
2042 2243,2928,3891,5746,5794
2692 1612,2243,2928,5787,5794
1157 1140,1612,3512,5787,5794
1804 2009,2287,3179,4054,5366
196 1181,4054,5366,5746,5794
1128 1098,1612,3424,3891,5794
2319 709,2009,2243,5095,5366
1336 3424,4054,4121,5366,5794
200 1202,2945,3767,4054,5746
828 1140,1612,4121,5366,5794
21 562,1612,3891,5787,5794
2628 1140,3179,3506,5366,5787
2720 2945,3424,3891,4054,5794
614 3200,3424,3891,3915,5794
2007 1612,2009,2243,5095,5366
2410 1612,3388,4039,5366,5746
2577 1612,2243,3424,5787,5794
1908 2287,4054,5366,5746,5794
465 1132,1979,5366,5746,5794
2738 2287,3506,3909,5366,5746
1313 1140,1612,3512,5746,5794
1978 1127,1612,3166,5366,5794
126 562,4971,5500,5746,5794
1334 562,1181,1612,5794,5800
1975 1111,1296,5746,5794,5887
1618 2287,3179,4054,5366,5794
2736 1181,1612,1979,2760,4971
424 3424,4160,5746,5787,5794
883 523,2250,4121,5366,5794
252 562,1612,3891,4971,5794
2976 1111,1612,2945,4054,5746
734 1158,1296,1612,2009,3388
768 1612,1792,5366,5787,5887
1158 2287,3179,4121,5794,5887
1260 1612,2207,3081,5366,5794
308 1979,3200,4121,5794,5887
2446 1098,3424,4542,5746,5794
890 1098,1979,2945,5746,5794
396 1111,2945,4054,5746,5794
2051 1181,1612,2945,5746,5787
46 1098,1181,1979,2243,4168
2820 2009,2250,2287,5366,5794
2341 1612,2243,2945,5787,5794
50 1111,1979,4971,5794,5800
2847 3424,3891,3915,4054,5794
2132 348,2760,3388,3424,5746
1831 1098,1181,1979,2243,5366
2006 1111,1296,1612,1792,5746
1921 1792,2243,3891,5366,5746
2530 1132,1612,3424,5366,5794
785 1181,1612,1979,4971,5800
1521 1612,4054,4121,5366,5787
2339 1111,4542,4971,5746,5787
172 1612,2243,2945,3891,5746
471 1181,1243,1612,2243,5746
1168 3891,4971,5787,5794,5800
1849 1111,1612,1792,5746,5887
203 1792,2243,3891,5746,5794
1372 1111,1612,1979,2760,4039
2742 2930,3424,4956,5746,5794
665 1181,2928,2945,5746,5794
2217 562,1181,4971,5787,5794
81 2760,3891,4054,5366,5746
2660 2009,3179,4054,4956,5794
355 1140,2243,3506,5746,5794
852 1098,1181,1732,5366,5794
1090 1979,2243,4971,5366,5794
2960 3200,3891,5366,5787,5887
2874 2945,3424,4054,5787,5794
340 1181,4054,5366,5787,5794
2468 1792,3891,5366,5746,5887
623 2287,3179,3891,5366,5887
2090 2250,2287,3424,5366,5794
574 2207,3179,3424,4956,5794
2353 709,1264,2287,3179,5366
2388 3179,3200,3891,5366,5794
1755 2243,3891,5366,5746,5787
713 1612,1801,2243,5366,5794
2187 1612,2009,2243,3388,5800
2166 1140,2760,3388,5366,5746
397 1181,1243,1979,2243,5746
650 3891,5746,5787,5794,5800
2129 1181,1612,3388,5095,5366
1977 1311,1612,2009,5746,5794
168 1448,2287,3166,3179,5366
2223 3891,4971,5746,5787,5794
280 1612,2009,3200,4121,5366
82 1612,1979,2589,5366,5746
2844 1132,1612,5366,5746,5794
732 2104,2287,3891,3909,3915
2321 4039,5366,5746,5787,5794
717 1264,2009,2287,4956,5794
2704 1132,1612,2945,3767,5794
689 1612,1792,3512,3891,5787
1765 1140,3166,3506,5366,5794
2124 2009,3200,4054,5366,5794
2611 1098,1979,4121,5366,5794
1386 523,1181,2243,2250,5366
1018 1111,1612,2760,4054,5746
1643 1111,1612,4971,5746,5787
2258 2287,3424,3506,4403,5794
106 523,1243,1634,2287,5887
927 1612,3200,5746,5787,5794
774 1792,3512,4956,5746,5787
2595 1181,1612,4971,5500,5746
2618 3891,4971,5366,5746,5787
1677 562,1181,1612,2243,5794
586 523,1140,2287,3424,5794
1181 1612,3424,4054,5787,5794
1807 709,1098,2009,2287,5366
1942 1111,1296,4542,5746,5887
2272 1612,2243,3891,5746,5787
1622 1111,1612,1756,2945,3650
666 3424,4054,4160,5366,5794
72 1181,1243,1612,2243,5787
1303 180,2287,3179,3424,3506
415 1111,1792,4054,5746,5794
980 1792,3512,3891,5787,5794
2789 1098,2009,4054,5366,5746
1269 523,2250,2287,4542,5887
238 2250,4121,4542,5787,5794
100 1612,1792,5787,5794,5887
1021 1098,2945,3767,4054,5794
2391 709,1612,2009,4039,4054
2452 2760,3424,3891,4054,5366
304 1264,1612,2009,5746,5794
2914 1181,1243,1612,4121,5794
2289 1111,1612,1756,2928,5746
2269 523,2250,2287,5366,5887
2184 1612,1801,1979,2243,5366
1380 523,2243,4121,5787,5794
969 1111,5746,5787,5794,5800
435 301,2009,3629,4121,5366
2415 5095,5366,5746,5787,5794
909 562,1181,1612,5787,5794
418 2287,3166,3179,4507,5366
2492 1612,2207,3424,4121,5366
2476 1111,1612,2945,3650,5746
573 2009,2243,4054,5746,5794
45 2207,3424,4121,4542,5794
1422 1612,1979,5794,5800,5887
1387 1140,1612,1792,5366,5746
125 1612,3200,3767,3891,5787
405 2009,4054,4121,5746,5794
856 1612,2207,3424,4121,4542
1620 1612,5326,5787,5794,5887
110 1792,2243,5366,5787,5794
83 3424,3506,4160,5746,5794
300 1979,3512,5746,5794,5800
2310 523,1098,1612,5366,5787
2218 562,1181,1979,5794,5800
2499 191,4039,5366,5787,5794
1250 2009,2287,3179,4087,5366
2500 1612,2243,3388,4054,5366
687 307,3424,4956,5746,5787
312 180,2287,3179,3424,5366
1554 1612,2009,2243,2589,5366
584 2243,2928,2945,5746,5794
2091 2760,3424,3506,3909,5746
2403 3200,3891,5787,5794,5887
2470 1979,3200,4168,5746,5887
2443 2207,2287,3424,4956,5794
1671 1181,2287,4121,5500,5794
1546 1181,2287,4054,5366,5794
1923 1296,1612,1792,5794,5887
2495 1098,1612,2945,3424,5794
691 1140,3506,3512,5746,5794
677 1612,2009,3388,4039,4054
2195 1111,1612,1756,4054,5746
1911 2243,3166,3506,5366,5794
2866 1612,1979,3512,4971,5794
2280 1612,2928,3915,4971,5794
130 307,4956,5095,5787,5794
1367 1612,2243,2589,3388,5366
1935 1979,3200,4160,5366,5794
597 3891,3909,4160,5366,5746
2300 1612,3767,3891,5787,5800
1568 709,1140,1799,2009,5366
2928 1243,1612,3424,4087,5794
1867 1098,3891,5366,5787,5794
1246 1111,1296,1612,5787,5887
2842 1140,3424,3506,5366,5787
730 1979,4121,4160,5366,5794
1207 1111,1612,5746,5787,5800
1645 1612,2009,4039,4054,5794
807 1181,1243,1612,4121,5787
400 1612,3767,5746,5787,5800
468 523,1799,3424,4087,5366
469 1140,1243,3424,4507,5366
404 3200,4121,5366,5794,5887
1837 1612,2009,2243,3388,4054
2509 1612,2009,2589,3388,5746
1276 709,1612,4039,4054,5366
1731 1448,3200,4121,5366,5887
2650 1111,1612,3650,4542,5746
608 1140,1612,2009,2243,5366
2832 2009,3388,5095,5366,5746
2857 301,709,1612,4039,5787
652 1243,2243,4121,5366,5794
2547 1140,1612,2243,3424,5366
6 1140,2287,3179,3506,5794
417 17,1612,3891,5746,5787
2970 2945,3388,3424,4054,5746
1398 2243,2945,3767,3891,5746
2502 1979,4039,4160,5366,5794
633 1612,4039,4054,5366,5794
581 1612,1979,2945,4039,5794
2073 1612,3767,4054,5746,5787
2065 1612,3424,4054,5366,5787
2441 3179,4054,5366,5787,5794
260 2009,2287,4054,4087,5366
2224 1111,1140,5746,5794,5887
590 1612,1792,3512,4657,5746
1794 1296,1612,3388,4054,5746
2233 1979,2243,4121,5366,5746
1848 1264,1448,2287,4707,5366
1694 523,1612,2243,2589,5366
855 1098,1181,2287,5366,5794
936 2243,3410,4121,5366,5746
1098 1612,1756,2945,3424,4054
2142 1181,1612,2243,3388,5800
887 1111,1612,4542,4971,5746
209 1098,2287,3424,4542,5794
776 562,1612,5746,5787,5794
1403 523,1140,2287,5366,5887
2937 1243,1612,1979,4039,5794
769 1612,2243,3424,4121,5794
1375 1140,1612,3166,5366,5794
1784 301,430,709,2009,5366
1245 1243,1612,1979,4039,5366
1429 1098,1612,3424,4087,5366
2320 562,1243,1612,5787,5794
1161 1140,2243,3388,5366,5746
751 1612,2009,4039,5366,5746
2234 1111,1612,2928,4054,5794
659 1612,2009,2589,5366,5746
2009 1140,1296,1612,5787,5794
341 2009,2287,4054,5746,5794
1595 1612,2243,3424,4121,5366
1285 2207,3424,4542,5746,5794
1338 1612,1756,2928,2945,3650
1842 1158,1243,1612,3388,5366
2596 1612,2928,4054,5746,5794
1795 1612,2207,3424,4542,5746
251 3506,3512,4160,5787,5794
2035 709,1264,2009,2287,3179
242 1612,3388,4039,4054,5366
403 1098,1612,2945,3388,5746
766 2009,2243,4121,5366,5746
1105 1111,1612,1979,3200,5887
191 1111,1296,1612,1901,4542
2990 1111,1296,2250,4542,5794
2189 1612,4054,4121,5787,5794
2748 2945,3767,3891,4054,5794
2408 2009,2287,4054,4087,5794
1452 301,1132,1612,2009,5366
32 2009,2287,3179,4054,5794
115 777,2945,3352,4139,5746
73 1111,1612,1979,2760,4971
533 1111,1612,2928,4971,5794
1776 1098,1612,2760,3424,5366
2308 1243,3424,4121,5366,5746
2080 1140,1296,1612,5746,5794
1389 1612,1979,2243,4971,5366
1283 3424,4160,4542,5746,5794
2802 307,562,1612,5746,5794
705 1111,1612,1756,5746,5800
579 1612,2207,3424,5746,5794
1011 3179,5095,5366,5787,5794
1891 1127,4542,5746,5787,5794
1216 1098,4054,5366,5746,5794
1847 191,2207,5366,5746,5794
649 1612,3767,3891,4054,5787
2136 2945,3891,4054,5746,5794
2930 3081,3767,5746,5787,5794
1518 17,1612,2243,5746,5794
2290 523,619,1612,5787,5794
1944 2287,3166,4956,5746,5794
889 1979,3200,4121,5366,5887
1918 2009,2243,3410,5663,5746
285 1098,1612,2009,4054,5794
1212 1158,1612,3388,5366,5746
860 1296,1612,3081,5794,5887
2344 1140,1612,3388,3424,5746
1985 1098,3424,4956,5746,5794
2655 1098,2945,3767,3891,5794
2123 1612,4971,5787,5794,5800
2718 1132,1181,1979,5366,5794
697 1181,1612,1756,5500,5746
2076 1111,1612,1979,4971,5800
2643 1181,1612,1756,5746,5800
211 1612,3891,4971,5746,5787
2311 1612,3166,3512,5500,5794
2964 1098,3767,5746,5787,5794
1330 1098,1612,2760,3388,5366
1701 1158,1612,2009,5366,5746
2226 1979,5366,5746,5776,5794
2583 1243,1612,2243,3388,3424
2060 3424,4160,5366,5746,5787
845 1243,4039,5366,5787,5794
540 523,2250,2287,3424,5794
1702 523,1098,4087,5366,5794
725 1140,1792,2243,5366,5794
819 562,1181,4971,5794,5800
1119 1612,1979,3512,5746,5800
1997 523,1243,2589,5366,5787
1374 1181,3388,4054,5366,5746
2181 1612,2243,2945,3424,5746
619 562,1181,1979,4971,5794
310 1612,2760,3388,3424,4054
2826 1140,2760,3506,5366,5746
1783 1111,1612,3200,5787,5794
143 1243,1612,3388,3424,4054
1395 2243,4054,5366,5746,5794
2478 301,1264,2009,4121,5366
2863 562,1979,4971,5746,5794
449 1612,4121,5746,5787,5887
858 1612,1801,5366,5746,5794
802 523,1264,1612,4121,5366
1349 523,1243,2250,3424,4542
1757 1181,1243,1732,4121,5794
2810 562,1111,1979,5794,5800
2514 1243,2287,4054,5366,5794
1482 2760,3200,3891,5366,5746
2666 1098,2009,4054,5746,5794
2558 1098,1181,1979,2243,5794
2190 1098,1612,2945,3388,3424
704 1127,3767,5746,5787,5794
235 2287,4707,5095,5366,5794
2559 1181,1979,2243,2945,5746
2732 1181,2243,2945,5787,5794
1046 1098,2009,3410,5366,5746
2462 2930,3512,4956,5746,5794
1519 709,1140,1612,2009,2243
2112 2243,3506,4160,5366,5794
1275 1098,2287,3424,3506,5794
1167 1140,4121,5366,5787,5794
1005 1612,2243,2945,3767,5787
2433 1612,2243,2945,3424,3891
2405 1612,3891,4971,5794,5800
2805 1098,4160,5366,5787,5794
1120 1140,1243,1612,5787,5794
370 1098,3424,4054,5366,5794
736 523,1140,1243,3424,5794
2918 1612,2243,3424,3891,5746
2610 1181,1612,4054,5366,5746
634 1111,1612,3166,3512,5794
1982 1111,2945,4054,5787,5794
2898 1158,2009,5366,5746,5794
1282 1140,1243,1612,5366,5746
218 3424,3891,4054,5746,5794
2128 3200,3388,3424,5366,5746
1945 1132,2009,5366,5746,5794
1230 1111,4971,5787,5794,5800
38 562,1612,3891,5794,5800
1454 1296,1612,2760,3388,4054
2024 1612,3200,5366,5746,5787
2641 1181,2243,5746,5794,5800
2608 1098,2009,4054,4956,5794
1488 1243,1612,4054,4121,5366
2727 1612,3081,3200,5366,5794
1163 1140,1612,1792,5746,5794
391 3200,4121,5787,5794,5887
850 1243,1612,2243,2589,5366
1683 523,1140,3424,5366,5787
806 1612,3767,4039,5787,5794
1934 301,709,1799,4039,5366
124 1140,1448,3166,4507,5366
2647 1243,2250,4542,5794,5887
2533 1140,1243,3388,3424,5366
1925 1098,1612,3767,4054,5794
1371 1140,1243,1612,3424,5366
903 1098,2009,2287,5366,5794
1458 1127,1612,3767,5746,5787
605 523,1612,2207,3424,4121
1155 17,1612,4121,5787,5794
513 180,2287,3179,3424,4507
2974 1612,2243,3767,3891,5800
1225 1612,3200,3424,5787,5794
542 523,1181,1243,1612,4121
118 1979,2063,5366,5794,5887
1772 777,1879,3388,3512,5746
873 1181,2243,3388,5746,5800
1140 1612,1979,2243,2589,5366
965 1181,1612,5095,5366,5746
1869 2243,3200,5366,5746,5794
529 2207,2287,3179,3424,4542
2674 1296,1612,3081,5787,5794
2298 1181,1612,2928,2945,5746
2683 1127,1612,5366,5746,5787
1419 1140,2760,3424,3506,5366
2757 2243,3767,5746,5794,5800
2549 1140,1612,2760,3388,5746
1187 1098,1612,5366,5794,5887
989 1612,3424,3891,4403,5794
1566 4160,5366,5787,5794,5887
1750 3424,3891,4054,5366,5746
431 1111,2928,2945,5746,5787
2550 1098,3179,3424,4542,5794
313 1264,1296,1612,2009,5794
2796 1612,2207,3424,4087,5366
2379 1243,2243,3424,5366,5746
1298 709,1140,1612,4054,5366
2005 1612,2928,2945,3650,5746
1983 1111,1612,2928,2945,3650
2588 1612,2009,3166,5095,5366
485 301,1799,2009,4039,5366
1329 1140,3506,3512,5787,5794
501 1111,1612,1979,3200,5746
2998 1181,1612,2243,5500,5746
2481 562,1111,4971,5794,5800
601 2009,2243,3166,5366,5794
2897 1296,1612,1792,5746,5787
1425 2760,3388,5366,5746,5874
1875 1612,3767,5095,5746,5787
1963 1098,2945,3767,5787,5794
709 1612,1801,1979,5746,5794
2145 1098,2287,3891,5366,5794
2771 2930,4956,5746,5787,5794
932 562,4956,5746,5787,5794
703 523,1181,2243,2250,5794
2751 1472,3767,3891,5746,5787
2143 301,709,1132,1612,5366
1253 1098,2287,3424,3506,5366
729 523,1243,2250,3424,5366
482 1140,2009,2243,5366,5794
604 1243,3424,4121,5746,5794
2585 3179,5095,5366,5794,5887
2346 1181,1243,2287,4121,5366
1988 2760,3200,3388,3424,5366
2747 1792,3891,5787,5794,5887
1892 1111,4039,4542,5787,5794
2106 1296,2287,3179,4542,5887
2567 3410,3424,4121,5366,5746
1841 562,1111,1612,1979,5800
827 1612,3424,4971,5366,5794
11 1243,2250,5366,5794,5887
1113 1612,1979,4039,5746,5794
926 3200,3352,3767,5787,5794
1240 3179,4707,5095,5366,5794
1295 1098,1296,1612,2009,3388
1262 1612,3166,5095,5366,5794
2535 1296,1612,2009,3316,3388
1885 523,2207,3424,4087,5366
2607 523,1098,4121,5366,5794
627 2243,2945,3767,5746,5787
427 1140,2009,3179,4956,5794
1741 523,1264,4121,5366,5794
412 1264,1612,2009,4121,5366
611 1098,1612,1979,5794,5887
2254 1181,2243,2589,3388,5366
1688 1612,4039,4542,5787,5794
2301 2928,2945,3891,5746,5787
2622 2287,3424,3915,4054,5794
1412 1732,2287,4160,5366,5794
380 2009,2046,4054,4956,5794
2450 1181,2243,4160,5366,5794
2544 562,3891,4971,5794,5800
1017 1098,1612,2945,5746,5794
1870 1127,1243,4542,5787,5794
2328 1181,1243,2243,5746,5787
2941 2009,3166,3179,5366,5794
373 1181,4160,5366,5787,5794
1145 1140,1243,5366,5794,5887
221 2009,5095,5366,5746,5794
978 2945,3891,4054,5787,5794
2971 2009,2287,4054,4121,5366
816 1612,2207,4087,5366,5794
1989 1243,1801,1979,5366,5794
1076 1612,2243,4121,5366,5746
643 1202,2945,3650,3767,4054
2153 1612,2928,3915,4054,5794
1714 1140,3512,4956,5787,5794
2786 1202,1612,2945,3650,4054
1846 3179,3200,3424,3915,5794
1843 2760,3200,3388,5366,5746
2329 2287,3166,3179,3506,5366
1642 1243,1612,2589,5366,5787
750 1181,1612,2243,2928,2945
509 1612,2945,3424,4054,5746
381 3179,3424,3915,4054,5794
1135 1634,2287,3166,3179,4507
1436 1098,1612,3424,3915,5794
651 2009,2243,5746,5794,5800
2551 2243,3767,3891,5746,5787
1639 1612,3891,4039,5366,5794
2966 1111,1801,1979,5746,5794
1056 1448,2287,3166,3179,4507
2067 3200,4121,5366,5787,5887
2203 4039,4160,5366,5787,5794
1343 3200,3891,3909,5366,5746
1153 709,1612,2589,3891,5366
1049 1098,1612,2009,4087,5366
1580 2009,2243,3388,3629,5366
306 3891,4054,5746,5787,5794
1141 2243,4971,5366,5787,5794
2382 562,1111,4971,5746,5794
322 1612,2009,3388,4039,5746
976 1098,1612,3891,3915,5794
1937 562,1181,1612,1979,5800
569 1181,1612,5746,5787,5800
1172 1243,1979,2243,4121,5366
362 1612,1792,3891,4054,5794
1965 1098,1612,3424,4542,5746
1599 2243,2945,5746,5787,5794
121 1612,2063,3424,5366,5794
222 2243,3388,3629,5366,5746
841 709,1098,3891,5366,5787
1102 1979,2243,5746,5794,5800
207 523,1181,1243,2243,5787
2134 1202,1612,2945,3650,5746
273 523,1799,2243,3424,5366
1592 523,1243,2250,4542,5787
1835 1612,2945,4039,4054,5794
2510 523,1140,1243,5366,5787
2373 1181,1979,4039,5366,5794
2511 1140,1612,3388,3512,5746
2214 1612,3891,4403,5746,5794
2942 2009,2243,3388,4054,5746
1331 1181,1979,2243,4971,5366
1565 523,1612,2589,3424,5366
1016 1181,1612,1979,2243,4121
679 1111,1296,2760,3388,4054
2172 2207,3424,4121,5366,5794
2340 17,1296,1612,5746,5794
57 523,1243,2250,3424,5794
1583 1612,2945,3081,3767,5794
2568 1111,1296,1792,5787,5794
1270 562,1612,4971,5746,5787
1041 1181,1243,3388,4054,5366
945 1111,1612,3200,3388,5746
2582 3424,3891,4160,5787,5794
1600 1098,1612,2009,4087,5794
2770 1098,3424,3506,4403,5794
1288 523,1243,2250,5366,5787
1525 1612,2243,2928,3891,3915
1710 1243,2287,3424,4542,5746
2710 523,1140,1243,5787,5794
595 523,1098,1181,1612,5794
220 1098,3424,5366,5787,5794
2117 307,1472,5746,5787,5794
1859 1792,4054,4226,5366,5746
1514 1612,2760,3200,3424,5366
1974 1140,3179,3506,5787,5794
240 1111,1979,2945,5794,5800
3 2009,2243,3388,5746,5800
2001 1140,3179,4956,5787,5794
1174 523,2207,2287,4121,5366
1022 1111,1792,3512,5746,5787
1112 523,1140,1612,5787,5887
1178 2009,2243,3316,3388,5366
2147 1296,1612,2009,3316,5794
1251 1181,2243,4054,5366,5794
839 2760,3891,3909,4054,5366
1578 301,709,1132,1612,2009
1675 1140,1612,4054,5366,5794
1806 4707,5095,5366,5794,5887
1863 1612,1979,2243,4971,5794
2698 1098,1612,3891,5787,5794
1517 1098,3424,3506,5366,5787
1197 562,4971,5787,5794,5800
1661 2243,3891,5746,5794,5800
562 1612,2945,3767,5095,5794
2839 1111,1612,2945,5794,5800
2369 1612,3081,3352,3767,5794
1186 1243,2287,3424,5746,5794
1499 1098,1612,3424,4087,5794
1055 562,3891,4971,5787,5794
1052 4121,4160,4542,5787,5794
612 1264,2009,2287,3179,5366
1767 1098,3506,4160,5366,5794
1361 1140,1296,1612,3388,5746
1952 2009,2243,5095,5366,5794
105 1111,1612,3388,3512,5800
2240 1098,1296,1612,3915,5794
1813 1612,1979,4039,5366,5746
1189 3179,3767,5095,5787,5794
365 709,1612,2009,2243,5095
186 1243,3424,4054,5746,5794
1864 1098,1612,2945,3891,5794
1476 1612,1756,2945,3650,5746
453 1111,1979,3512,5746,5800
1393 1756,2945,3424,4054,5746
174 1098,2760,3424,3891,5366
394 1243,2287,3424,4121,5794
2627 1158,1612,4971,5366,5794
680 1140,1612,3424,5366,5787
2503 17,1111,1296,5746,5794
694 1181,2250,2287,3053,5794
2906 1799,2243,3388,3424,5366
2913 1111,1612,2760,3388,5800
2093 1098,1612,5746,5787,5794
1644 1098,1612,2243,5366,5794
1800 1612,4054,4087,5500,5794
1394 1612,3424,4403,5746,5794
2997 1132,1612,1979,2945,5794
1316 1612,3512,5746,5794,5800
821 1140,2760,3388,3424,5366
567 1181,1612,2760,5500,5746
2994 1140,1612,2243,5746,5794
1724 1612,3316,5366,5787,5794
2848 301,1612,3629,4121,5366
1817 3388,3424,5366,5746,5874
2818 523,1140,1612,4121,5366
1960 2009,2287,5366,5746,5874
1277 1612,1801,1979,5366,5746
371 1296,1792,5746,5787,5794
2037 307,1612,5095,5746,5794
2014 2207,3424,4956,5746,5794
1900 1243,1612,4054,4087,5794
1281 1158,4971,5746,5794,6035
2278 1612,2760,3200,5366,5746
1042 1612,3081,3767,5746,5787
657 1140,3424,3506,5787,5794
2829 1612,1756,2928,2945,5746
498 1612,1756,2945,4054,5746
970 1612,3767,3891,4054,5746
1437 1792,4054,5746,5787,5794
2877 1612,3424,4542,4971,5794
208 1612,1816,2009,5366,5794
2545 1612,2243,5746,5794,5800
640 1181,1612,1979,2243,4971
2402 1732,2243,4160,5366,5794
728 523,1140,2243,3424,5794
2119 523,1140,3424,5787,5794
1777 2009,3200,3421,5366,5794
568 1612,3891,5746,5787,5800
588 1127,1612,2945,5746,5794
1185 1243,2243,4121,5366,5787
478 1612,2009,2243,3629,5366
2525 1181,1612,2760,3388,5800
1152 1098,1612,2928,5746,5794
2480 1612,1979,2243,3200,5366
2395 1140,1612,4121,5366,5787
820 562,1181,1612,1979,2243
635 2207,2287,3179,3424,5366
338 523,1243,1801,5366,5794
2475 2243,3410,3424,4121,5366
877 2287,3166,3179,5366,5794
2186 1243,3388,4039,4054,5366
1665 709,2009,3179,5095,5366
974 562,1181,1612,4971,5746
1998 2207,3424,4542,4956,5746
2955 2930,3512,4956,5787,5794
2774 1243,2287,4121,5366,5887
2010 1612,2243,4121,5746,5794
2996 1140,1612,2009,4054,5366
487 1612,2760,3891,4039,5366
2004 1612,2243,4971,5366,5787
455 1612,2589,4542,5746,5787
1968 523,1243,2243,2589,5366
36 1979,3512,4160,5746,5794
1323 523,1612,2243,3166,5794
2602 191,3960,5746,5787,5794
219 1243,2287,3424,5366,5746
1635 180,1296,2009,3941,4054
1932 1098,2760,3388,5366,5746
1890 1140,3424,4956,5746,5794
544 562,1612,3891,4971,5746
53 1979,2760,3200,5366,5746
166 1181,1243,1612,1979,4121
414 1098,1612,2009,4121,5366
1409 1296,1612,2009,3200,5794
2342 2287,3424,3506,3909,5366
967 180,2287,3179,3424,3915
1818 523,1612,2207,4121,5794
618 562,1158,4971,5746,5794
1193 619,1111,1612,4542,5787
1072 523,2207,2287,2375,5794
138 1111,1296,1792,5794,5887
1291 562,1111,1979,4971,5794
585 1158,1612,2009,5746,5794
202 1612,3200,3424,3891,3915
319 1181,1612,4971,5787,5800
2483 1448,2287,4039,4507,5366
1223 2009,3316,3388,5366,5746
1653 1243,2589,3388,5366,5746
318 1181,2589,3388,5366,5746
1948 1111,1612,3166,3512,5746
947 3200,3424,4121,5366,5794
1839 3424,3915,4054,4087,5794
1904 1158,1612,5366,5787,5794
2684 562,1612,4971,5500,5746
1442 562,1158,1612,4971,5794
982 523,1243,2250,5787,5794
961 562,1181,5500,5746,5794
353 2250,4121,5366,5787,5794
2448 709,1612,1816,2243,5366
1792 1243,1732,2287,4121,5794
2963 1612,2243,3767,5095,5794
289 1612,3053,4121,5794,5887
1872 1111,1612,2760,3388,4039
2079 562,1181,1612,1979,4971
364 3179,4054,4087,5366,5794
1455 1140,1612,2243,3424,5794
1342 1181,2250,5366,5787,5794
67 1612,1792,2760,4054,5366
2159 1140,1612,2243,3388,5746
117 1098,3424,3506,5787,5794
1680 1202,1612,3650,3767,5746
1099 2207,2287,3179,4542,4956
1350 1202,2945,3650,3767,5746
333 709,1140,3179,5366,5787
49 307,562,4956,5746,5794
2623 1799,2009,3388,4039,5366
735 2760,3200,3424,3891,5366
1689 1181,1979,2243,4971,5794
1913 523,1612,2243,3424,4121
2865 1098,1181,5366,5746,5794
2822 709,1098,2287,3891,5366
537 1098,1612,1979,5366,5887
1485 2945,3179,3424,3891,5794
2157 1243,2243,3424,5366,5787
2285 301,780,1799,4121,5366
484 1140,1792,4956,5746,5794
1239 1612,3424,4039,5366,5794
1237 1181,2287,3053,4121,5794
2102 2243,2589,3388,5366,5746
2621 709,2009,2287,3179,4054
281 17,1612,4121,5746,5794
831 1296,2009,3941,4054,5746
2434 1612,1801,1979,2243,5794
2671 1140,2287,3179,4507,5366
1779 523,1098,2287,3424,4542
2043 2287,3166,3891,5746,5794
527 1612,1979,2063,2243,5366
2251 1111,1140,1792,5746,5794
1000 3506,5366,5746,5787,5874
275 1181,1612,2928,4971,5794
2454 3767,5095,5746,5787,5794
1420 709,2287,3179,4054,5366
